N_Threads 1
0   729   0.0041070152   0    LOOP1
0   729   0.2192371758   0    LOOP2
N_Threads 2
365   547   0.0007681730   1    LOOP1
547   638   0.0001983470   1    LOOP1
638   684   0.0000539953   1    LOOP1
684   707   0.0000149528   1    LOOP1
707   718   0.0000047903   1    LOOP1
718   724   0.0000018254   1    LOOP1
724   727   0.0000005807   1    LOOP1
727   728   0.0000002026   1    LOOP1
728   729   0.0000000452   1    LOOP1
0   183   0.0017397259   0    LOOP1
183   274   0.0006953678   1    LOOP1
320   343   0.0001528999   1    LOOP1
274   320   0.0002959869   0    LOOP1
343   354   0.0000663712   1    LOOP1
354   360   0.0000384836   0    LOOP1
363   364   0.0000054711   0    LOOP1
360   363   0.0000174511   1    LOOP1
364   365   0.0000054771   0    LOOP1
365   547   0.0201411741   1    LOOP2
547   638   0.0099997800   1    LOOP2
638   684   0.0067432439   1    LOOP2
684   707   0.0034720800   1    LOOP2
707   718   0.0000000768   1    LOOP2
718   724   0.0000000577   1    LOOP2
724   727   0.0000000452   1    LOOP2
727   728   0.0000000480   1    LOOP2
728   729   0.0000000531   1    LOOP2
183   274   0.0133598070   1    LOOP2
274   320   0.0067070951   1    LOOP2
320   343   0.0033608922   1    LOOP2
343   354   0.0000000652   1    LOOP2
354   360   0.0000000447   1    LOOP2
360   363   0.0000000419   1    LOOP2
363   364   0.0000000363   1    LOOP2
364   365   0.0000000303   1    LOOP2
0   183   0.1553994301   0    LOOP2
N_Threads 3
486   567   0.0002548019   2    LOOP1
243   324   0.0005599107   1    LOOP1
567   621   0.0001255819   2    LOOP1
0   81   0.0008760314   0    LOOP1
621   657   0.0000515627   2    LOOP1
657   681   0.0000230139   2    LOOP1
681   697   0.0000102692   2    LOOP1
697   708   0.0000047772   2    LOOP1
708   715   0.0000022091   2    LOOP1
715   720   0.0000010720   2    LOOP1
720   723   0.0000005276   2    LOOP1
723   725   0.0000002780   2    LOOP1
725   727   0.0000001858   2    LOOP1
727   728   0.0000000931   2    LOOP1
728   729   0.0000000400   2    LOOP1
324   378   0.0003222050   1    LOOP1
378   414   0.0001933351   1    LOOP1
135   171   0.0003372682   2    LOOP1
414   438   0.0001118779   1    LOOP1
81   135   0.0005363980   0    LOOP1
438   454   0.0000698259   1    LOOP1
454   465   0.0000458648   1    LOOP1
171   195   0.0002022260   2    LOOP1
465   472   0.0000281851   1    LOOP1
472   477   0.0000197310   1    LOOP1
195   211   0.0001294711   0    LOOP1
477   480   0.0000117384   1    LOOP1
480   482   0.0000078827   1    LOOP1
482   484   0.0000076671   1    LOOP1
484   485   0.0000038450   1    LOOP1
485   486   0.0000038310   1    LOOP1
211   222   0.0000869930   2    LOOP1
222   229   0.0000545667   0    LOOP1
234   237   0.0000229189   2    LOOP1
237   239   0.0000200071   0    LOOP1
241   242   0.0000075670   0    LOOP1
229   234   0.0000514784   1    LOOP1
239   241   0.0000151154   2    LOOP1
242   243   0.0000076462   0    LOOP1
243   324   0.0102063040   1    LOOP2
486   567   0.0102523561   2    LOOP2
324   378   0.0067944760   1    LOOP2
567   621   0.0068163909   2    LOOP2
378   414   0.0034211110   1    LOOP2
621   657   0.0034122132   2    LOOP2
414   438   0.0033218777   1    LOOP2
438   454   0.0000000829   1    LOOP2
657   681   0.0034360406   2    LOOP2
681   697   0.0000000801   2    LOOP2
454   465   0.0034133098   1    LOOP2
465   472   0.0000000671   1    LOOP2
472   477   0.0000000498   1    LOOP2
477   480   0.0000000452   1    LOOP2
480   482   0.0000000428   1    LOOP2
482   484   0.0000000307   1    LOOP2
484   485   0.0000000531   1    LOOP2
485   486   0.0000000279   1    LOOP2
697   708   0.0035410952   2    LOOP2
708   715   0.0000000647   2    LOOP2
715   720   0.0000000419   2    LOOP2
720   723   0.0000000433   2    LOOP2
723   725   0.0000000419   2    LOOP2
725   727   0.0000000289   2    LOOP2
727   728   0.0000000410   2    LOOP2
728   729   0.0000000303   2    LOOP2
135   171   0.0067660902   2    LOOP2
171   195   0.0067494959   2    LOOP2
81   135   0.0169093260   1    LOOP2
195   211   0.0033748359   2    LOOP2
222   229   0.0000001150   2    LOOP2
229   234   0.0000000531   2    LOOP2
234   237   0.0000000461   2    LOOP2
237   239   0.0000000452   2    LOOP2
239   241   0.0000000317   2    LOOP2
241   242   0.0000000400   2    LOOP2
242   243   0.0000000373   2    LOOP2
211   222   0.0034077661   1    LOOP2
0   81   0.1339292224   0    LOOP2
N_Threads 6
608   629   0.0000434821   5    LOOP1
487   508   0.0000787769   4    LOOP1
366   387   0.0001235139   3    LOOP1
508   525   0.0000697197   4    LOOP1
244   265   0.0001603840   2    LOOP1
525   539   0.0000573392   4    LOOP1
122   143   0.0002042679   1    LOOP1
387   404   0.0001127748   3    LOOP1
0   21   0.0002420507   0    LOOP1
539   551   0.0000361716   4    LOOP1
629   646   0.0000354419   5    LOOP1
646   660   0.0000197003   5    LOOP1
551   561   0.0000283509   4    LOOP1
660   672   0.0000138921   5    LOOP1
561   569   0.0000215056   4    LOOP1
672   682   0.0000097877   5    LOOP1
404   418   0.0000723354   3    LOOP1
682   690   0.0000068666   5    LOOP1
569   576   0.0000179657   4    LOOP1
690   697   0.0000051572   5    LOOP1
697   703   0.0000037118   5    LOOP1
265   282   0.0001270189   2    LOOP1
703   708   0.0000027320   5    LOOP1
708   712   0.0000018692   5    LOOP1
712   715   0.0000013821   5    LOOP1
715   718   0.0000011902   5    LOOP1
576   582   0.0000147750   4    LOOP1
718   720   0.0000007283   5    LOOP1
720   722   0.0000006910   5    LOOP1
722   724   0.0000006338   5    LOOP1
724   725   0.0000002552   5    LOOP1
725   726   0.0000002668   5    LOOP1
726   727   0.0000002068   5    LOOP1
727   728   0.0000001998   5    LOOP1
728   729   0.0000000489   5    LOOP1
582   587   0.0000118520   4    LOOP1
587   591   0.0000092001   4    LOOP1
591   594   0.0000067679   4    LOOP1
418   430   0.0000597499   3    LOOP1
594   597   0.0000065952   4    LOOP1
597   599   0.0000043539   4    LOOP1
599   601   0.0000042440   4    LOOP1
601   603   0.0000041872   4    LOOP1
603   604   0.0000020810   4    LOOP1
604   605   0.0000021057   4    LOOP1
605   606   0.0000020680   4    LOOP1
143   160   0.0001595379   1    LOOP1
606   607   0.0000020592   4    LOOP1
607   608   0.0000020391   4    LOOP1
430   440   0.0000480888   3    LOOP1
282   296   0.0001008171   2    LOOP1
21   38   0.0001949752   0    LOOP1
440   448   0.0000373544   3    LOOP1
448   455   0.0000317818   3    LOOP1
38   52   0.0001549670   5    LOOP1
296   308   0.0000838302   2    LOOP1
455   461   0.0000267630   3    LOOP1
160   174   0.0001271903   1    LOOP1
52   64   0.0001447443   4    LOOP1
461   466   0.0000297884   3    LOOP1
64   74   0.0001201001   0    LOOP1
466   470   0.0000171671   3    LOOP1
470   473   0.0000128178   3    LOOP1
308   318   0.0000791629   2    LOOP1
473   476   0.0000126753   3    LOOP1
476   478   0.0000083819   3    LOOP1
174   186   0.0001153890   5    LOOP1
186   196   0.0000868989   1    LOOP1
478   480   0.0000082087   3    LOOP1
480   482   0.0000082338   3    LOOP1
82   89   0.0000714422   0    LOOP1
482   483   0.0000041109   3    LOOP1
74   82   0.0000826591   4    LOOP1
483   484   0.0000040224   3    LOOP1
318   326   0.0000516609   2    LOOP1
484   485   0.0000040247   3    LOOP1
485   486   0.0000040168   3    LOOP1
486   487   0.0000041001   3    LOOP1
204   211   0.0000589951   1    LOOP1
333   339   0.0000374760   2    LOOP1
326   333   0.0000445629   4    LOOP1
196   204   0.0000688732   5    LOOP1
89   95   0.0000607041   0    LOOP1
211   217   0.0000501410   3    LOOP1
339   344   0.0000307159   2    LOOP1
217   222   0.0000412147   1    LOOP1
104   107   0.0000296743   0    LOOP1
100   104   0.0000405321   5    LOOP1
95   100   0.0000507850   4    LOOP1
222   226   0.0000329390   3    LOOP1
226   229   0.0000242479   1    LOOP1
344   348   0.0000243457   2    LOOP1
107   110   0.0000295970   0    LOOP1
229   232   0.0000244407   5    LOOP1
348   351   0.0000187140   3    LOOP1
354   356   0.0000119777   2    LOOP1
232   234   0.0000160229   1    LOOP1
351   354   0.0000180798   4    LOOP1
110   112   0.0000196146   0    LOOP1
356   358   0.0000123749   2    LOOP1
112   114   0.0000201249   5    LOOP1
114   116   0.0000200570   3    LOOP1
236   238   0.0000157491   4    LOOP1
116   117   0.0000098380   0    LOOP1
358   360   0.0000117300   2    LOOP1
234   236   0.0000160239   1    LOOP1
117   118   0.0000098599   5    LOOP1
118   119   0.0000097551   4    LOOP1
360   361   0.0000058631   2    LOOP1
119   120   0.0000096550   0    LOOP1
120   121   0.0000102748   3    LOOP1
238   239   0.0000081221   1    LOOP1
239   240   0.0000078939   4    LOOP1
121   122   0.0000099051   5    LOOP1
240   241   0.0000078920   0    LOOP1
361   362   0.0000058440   2    LOOP1
243   244   0.0000077682   4    LOOP1
362   363   0.0000059833   5    LOOP1
363   364   0.0000058520   0    LOOP1
241   242   0.0000080410   3    LOOP1
365   366   0.0000060247   5    LOOP1
242   243   0.0000080187   1    LOOP1
364   365   0.0000057979   4    LOOP1
487   508   0.0033028959   4    LOOP2
366   387   0.0033624088   3    LOOP2
608   629   0.0033866572   5    LOOP2
244   265   0.0035135830   2    LOOP2
122   143   0.0035609598   1    LOOP2
387   404   0.0033425279   3    LOOP2
404   418   0.0000000820   3    LOOP2
418   430   0.0000000778   3    LOOP2
629   646   0.0033489079   5    LOOP2
646   660   0.0000000680   5    LOOP2
508   525   0.0034133773   4    LOOP2
525   539   0.0000000792   4    LOOP2
143   160   0.0035485607   1    LOOP2
265   282   0.0037572929   2    LOOP2
282   296   0.0000000810   2    LOOP2
296   308   0.0000000689   2    LOOP2
430   440   0.0033867680   3    LOOP2
440   448   0.0000000601   3    LOOP2
448   455   0.0000000503   3    LOOP2
660   672   0.0033897641   5    LOOP2
672   682   0.0000000601   5    LOOP2
682   690   0.0000000587   5    LOOP2
690   697   0.0000000489   5    LOOP2
539   551   0.0033868700   4    LOOP2
551   561   0.0000000778   4    LOOP2
561   569   0.0000000652   4    LOOP2
569   576   0.0000000619   4    LOOP2
160   174   0.0035543549   1    LOOP2
308   318   0.0035601780   2    LOOP2
318   326   0.0000000671   2    LOOP2
326   333   0.0000000568   2    LOOP2
333   339   0.0000001239   2    LOOP2
455   461   0.0033743759   3    LOOP2
461   466   0.0000000559   3    LOOP2
466   470   0.0000000563   3    LOOP2
470   473   0.0000000619   3    LOOP2
473   476   0.0000000377   3    LOOP2
476   478   0.0000000522   3    LOOP2
478   480   0.0000000317   3    LOOP2
480   482   0.0000000312   3    LOOP2
482   483   0.0000000508   3    LOOP2
483   484   0.0000000312   3    LOOP2
484   485   0.0000000331   3    LOOP2
485   486   0.0000000307   3    LOOP2
486   487   0.0000000303   3    LOOP2
576   582   0.0033756052   4    LOOP2
582   587   0.0000001597   4    LOOP2
587   591   0.0000000531   4    LOOP2
591   594   0.0000000577   4    LOOP2
594   597   0.0000000391   4    LOOP2
597   599   0.0000000549   4    LOOP2
599   601   0.0000000331   4    LOOP2
601   603   0.0000000307   4    LOOP2
603   604   0.0000000522   4    LOOP2
604   605   0.0000000331   4    LOOP2
605   606   0.0000000331   4    LOOP2
606   607   0.0000000317   4    LOOP2
607   608   0.0000000349   4    LOOP2
697   703   0.0035069948   5    LOOP2
703   708   0.0000000540   5    LOOP2
708   712   0.0000000400   5    LOOP2
712   715   0.0000000452   5    LOOP2
715   718   0.0000000331   5    LOOP2
718   720   0.0000000433   5    LOOP2
720   722   0.0000000312   5    LOOP2
722   724   0.0000000312   5    LOOP2
724   725   0.0000000410   5    LOOP2
725   726   0.0000000303   5    LOOP2
726   727   0.0000000303   5    LOOP2
727   728   0.0000000307   5    LOOP2
728   729   0.0000000303   5    LOOP2
174   186   0.0035645179   1    LOOP2
339   344   0.0037617330   2    LOOP2
344   348   0.0000000750   2    LOOP2
348   351   0.0000001448   2    LOOP2
351   354   0.0000001360   2    LOOP2
354   356   0.0000001499   2    LOOP2
356   358   0.0000000489   2    LOOP2
358   360   0.0000000447   2    LOOP2
360   361   0.0000000698   2    LOOP2
361   362   0.0000000400   2    LOOP2
362   363   0.0000000480   2    LOOP2
363   364   0.0000000461   2    LOOP2
364   365   0.0000000442   2    LOOP2
365   366   0.0000000554   2    LOOP2
186   196   0.0035597114   1    LOOP2
196   204   0.0000000531   1    LOOP2
64   74   0.0040735700   2    LOOP2
204   211   0.0035781511   1    LOOP2
211   217   0.0000000587   1    LOOP2
74   82   0.0035542822   2    LOOP2
52   64   0.0100904959   5    LOOP2
38   52   0.0102309771   4    LOOP2
95   100   0.0000001248   4    LOOP2
217   222   0.0035712263   1    LOOP2
222   226   0.0000000508   1    LOOP2
226   229   0.0000000461   1    LOOP2
229   232   0.0000000331   1    LOOP2
232   234   0.0000000419   1    LOOP2
234   236   0.0000000312   1    LOOP2
236   238   0.0000000331   1    LOOP2
238   239   0.0000000410   1    LOOP2
239   240   0.0000000303   1    LOOP2
240   241   0.0000000307   1    LOOP2
241   242   0.0000000298   1    LOOP2
242   243   0.0000000321   1    LOOP2
243   244   0.0000000373   1    LOOP2
104   107   0.0000000950   1    LOOP2
107   110   0.0000000470   1    LOOP2
82   89   0.0037426120   2    LOOP2
112   114   0.0000000428   2    LOOP2
114   116   0.0000000331   2    LOOP2
116   117   0.0000000400   2    LOOP2
117   118   0.0000000317   2    LOOP2
118   119   0.0000000312   2    LOOP2
119   120   0.0000000312   2    LOOP2
120   121   0.0000000298   2    LOOP2
121   122   0.0000000298   2    LOOP2
89   95   0.0033508022   5    LOOP2
100   104   0.0033565201   4    LOOP2
110   112   0.0037100622   1    LOOP2
21   38   0.0363046611   3    LOOP2
0   21   0.0740210260   0    LOOP2
N_Threads 12
669   674   0.0000060019   11    LOOP1
674   679   0.0000048843   11    LOOP1
679   684   0.0000136490   11    LOOP1
684   688   0.0000032890   11    LOOP1
688   692   0.0000030333   11    LOOP1
692   696   0.0000026124   11    LOOP1
609   614   0.0000129710   10    LOOP1
614   619   0.0000090287   10    LOOP1
619   624   0.0000083051   10    LOOP1
624   628   0.0000063670   10    LOOP1
549   554   0.0000164839   9    LOOP1
628   632   0.0000061141   10    LOOP1
632   636   0.0000179191   10    LOOP1
636   639   0.0000044047   10    LOOP1
554   559   0.0000230093   9    LOOP1
639   642   0.0000042911   10    LOOP1
488   494   0.0000256547   8    LOOP1
642   645   0.0000042031   10    LOOP1
645   647   0.0000027907   10    LOOP1
647   649   0.0000026370   10    LOOP1
649   651   0.0000025742   10    LOOP1
651   653   0.0000025132   10    LOOP1
494   499   0.0000187899   8    LOOP1
427   433   0.0000329199   7    LOOP1
499   504   0.0000314298   8    LOOP1
366   372   0.0000372380   6    LOOP1
504   508   0.0000145929   8    LOOP1
508   512   0.0000143391   8    LOOP1
433   438   0.0000373460   7    LOOP1
372   377   0.0000294019   6    LOOP1
512   516   0.0000270861   8    LOOP1
244   250   0.0000518220   4    LOOP1
122   128   0.0000684829   2    LOOP1
377   382   0.0000423808   6    LOOP1
0   6   0.0000774320   0    LOOP1
183   189   0.0000577639   3    LOOP1
696   699   0.0000019562   11    LOOP1
382   386   0.0000233501   6    LOOP1
559   564   0.0000137147   9    LOOP1
250   255   0.0000449847   4    LOOP1
653   655   0.0000024228   10    LOOP1
655   657   0.0000026603   10    LOOP1
61   67   0.0000855806   1    LOOP1
305   311   0.0000455813   5    LOOP1
128   133   0.0000506160   2    LOOP1
699   702   0.0000020601   11    LOOP1
438   443   0.0000344571   7    LOOP1
702   705   0.0000018771   11    LOOP1
657   658   0.0000012568   10    LOOP1
516   519   0.0000107521   8    LOOP1
386   390   0.0000230120   6    LOOP1
189   194   0.0000469829   3    LOOP1
564   568   0.0000120723   9    LOOP1
255   260   0.0000398667   4    LOOP1
658   659   0.0000013951   10    LOOP1
705   707   0.0000012629   11    LOOP1
659   660   0.0000012950   10    LOOP1
519   522   0.0000107810   8    LOOP1
707   709   0.0000012079   11    LOOP1
443   447   0.0000201929   7    LOOP1
709   711   0.0000011530   11    LOOP1
660   661   0.0000012191   10    LOOP1
568   572   0.0000115507   9    LOOP1
6   11   0.0000612950   0    LOOP1
390   394   0.0000229930   6    LOOP1
711   713   0.0000010389   11    LOOP1
661   662   0.0000012796   10    LOOP1
522   525   0.0000104606   8    LOOP1
662   663   0.0000012568   10    LOOP1
311   316   0.0000363081   5    LOOP1
713   715   0.0000009770   11    LOOP1
67   72   0.0000571706   1    LOOP1
447   451   0.0000197547   7    LOOP1
525   527   0.0000069989   8    LOOP1
394   397   0.0000169449   6    LOOP1
572   576   0.0000112550   9    LOOP1
663   664   0.0000011669   10    LOOP1
260   264   0.0000316761   4    LOOP1
194   199   0.0000460711   3    LOOP1
715   717   0.0000009350   11    LOOP1
664   665   0.0000012219   10    LOOP1
527   529   0.0000068699   8    LOOP1
717   718   0.0000006058   11    LOOP1
665   666   0.0000011344   10    LOOP1
576   579   0.0000083600   9    LOOP1
666   667   0.0000011120   10    LOOP1
718   719   0.0000004224   11    LOOP1
397   400   0.0000167741   6    LOOP1
133   138   0.0000502351   2    LOOP1
667   668   0.0000011013   10    LOOP1
529   531   0.0000067879   8    LOOP1
668   669   0.0000011628   10    LOOP1
719   720   0.0000004759   11    LOOP1
451   455   0.0000195098   7    LOOP1
316   321   0.0000360641   5    LOOP1
264   268   0.0000314401   4    LOOP1
11   16   0.0000605900   0    LOOP1
579   582   0.0000080471   9    LOOP1
455   458   0.0000145561   7    LOOP1
531   533   0.0000068010   8    LOOP1
720   721   0.0000004391   11    LOOP1
400   403   0.0000166181   6    LOOP1
199   203   0.0000365684   3    LOOP1
582   585   0.0000078971   9    LOOP1
72   77   0.0000563082   1    LOOP1
138   142   0.0000399868   2    LOOP1
321   325   0.0000283774   5    LOOP1
585   587   0.0000053681   9    LOOP1
533   535   0.0000067009   8    LOOP1
458   461   0.0000143880   7    LOOP1
721   722   0.0000003953   11    LOOP1
587   589   0.0000050981   9    LOOP1
16   20   0.0000489862   10    LOOP1
403   405   0.0000111293   6    LOOP1
722   723   0.0000004410   11    LOOP1
589   591   0.0000051572   9    LOOP1
723   724   0.0000004470   11    LOOP1
535   537   0.0000066217   8    LOOP1
724   725   0.0000002719   11    LOOP1
725   726   0.0000003031   11    LOOP1
537   538   0.0000033677   8    LOOP1
461   464   0.0000140662   7    LOOP1
203   207   0.0000366797   3    LOOP1
726   727   0.0000002319   11    LOOP1
325   329   0.0000280999   5    LOOP1
20   24   0.0000478420   0    LOOP1
405   407   0.0000109361   6    LOOP1
268   272   0.0000310210   4    LOOP1
464   466   0.0000092932   7    LOOP1
77   81   0.0000448897   1    LOOP1
727   728   0.0000002203   11    LOOP1
728   729   0.0000000526   11    LOOP1
591   593   0.0000052289   9    LOOP1
407   409   0.0000110199   6    LOOP1
538   539   0.0000032471   8    LOOP1
593   595   0.0000049509   9    LOOP1
466   468   0.0000092732   7    LOOP1
24   28   0.0000477298   10    LOOP1
595   597   0.0000048303   9    LOOP1
329   333   0.0000276552   5    LOOP1
207   211   0.0000361199   3    LOOP1
272   275   0.0000232980   4    LOOP1
539   540   0.0000033290   8    LOOP1
142   146   0.0000396660   2    LOOP1
409   411   0.0000108038   6    LOOP1
28   31   0.0000356138   0    LOOP1
540   541   0.0000032973   8    LOOP1
597   598   0.0000025909   9    LOOP1
468   470   0.0000091996   7    LOOP1
541   542   0.0000032210   8    LOOP1
598   599   0.0000024703   9    LOOP1
542   543   0.0000031949   8    LOOP1
411   413   0.0000108401   6    LOOP1
599   600   0.0000025071   9    LOOP1
333   336   0.0000207229   5    LOOP1
81   85   0.0000441428   1    LOOP1
470   472   0.0000092709   7    LOOP1
600   601   0.0000024023   9    LOOP1
211   214   0.0000267462   3    LOOP1
413   415   0.0000106590   6    LOOP1
85   89   0.0000488963   11    LOOP1
275   278   0.0000229939   4    LOOP1
601   602   0.0000023241   9    LOOP1
150   153   0.0000294792   2    LOOP1
472   474   0.0000091558   7    LOOP1
146   150   0.0000397852   10    LOOP1
602   603   0.0000023581   9    LOOP1
415   416   0.0000053528   6    LOOP1
336   339   0.0000203340   5    LOOP1
603   604   0.0000022710   9    LOOP1
543   544   0.0000031637   8    LOOP1
604   605   0.0000024550   9    LOOP1
474   476   0.0000090790   7    LOOP1
544   545   0.0000032103   8    LOOP1
214   217   0.0000266139   3    LOOP1
89   92   0.0000328068   1    LOOP1
605   606   0.0000023148   9    LOOP1
31   34   0.0000354000   0    LOOP1
416   417   0.0000054073   6    LOOP1
278   281   0.0000229068   4    LOOP1
153   156   0.0000292943   2    LOOP1
417   418   0.0000053681   6    LOOP1
606   607   0.0000025081   9    LOOP1
476   477   0.0000044750   7    LOOP1
607   608   0.0000022980   9    LOOP1
418   419   0.0000052829   6    LOOP1
608   609   0.0000022762   9    LOOP1
545   546   0.0000031400   8    LOOP1
217   220   0.0000266987   3    LOOP1
92   95   0.0000326242   10    LOOP1
546   547   0.0000031628   8    LOOP1
37   39   0.0000238139   0    LOOP1
339   342   0.0000203629   5    LOOP1
477   478   0.0000046673   7    LOOP1
95   98   0.0000325800   1    LOOP1
419   420   0.0000052419   6    LOOP1
281   283   0.0000152341   4    LOOP1
478   479   0.0000045253   7    LOOP1
547   548   0.0000031008   8    LOOP1
220   222   0.0000176630   3    LOOP1
156   159   0.0000289567   2    LOOP1
548   549   0.0000031120   8    LOOP1
420   421   0.0000053141   6    LOOP1
34   37   0.0000385670   11    LOOP1
43   45   0.0000231243   0    LOOP1
479   480   0.0000044280   7    LOOP1
98   100   0.0000217492   1    LOOP1
421   422   0.0000052657   6    LOOP1
39   41   0.0000265012   9    LOOP1
342   344   0.0000137910   5    LOOP1
283   285   0.0000153068   4    LOOP1
222   224   0.0000175950   3    LOOP1
41   43   0.0000236230   10    LOOP1
480   481   0.0000044210   7    LOOP1
49   50   0.0000115470   0    LOOP1
45   47   0.0000234260   8    LOOP1
481   482   0.0000046440   7    LOOP1
159   161   0.0000193478   2    LOOP1
422   423   0.0000052298   6    LOOP1
47   49   0.0000265706   11    LOOP1
344   346   0.0000135731   5    LOOP1
285   287   0.0000150250   4    LOOP1
423   424   0.0000052457   6    LOOP1
482   483   0.0000044461   7    LOOP1
106   108   0.0000212379   8    LOOP1
424   425   0.0000051912   6    LOOP1
161   163   0.0000192621   2    LOOP1
50   51   0.0000115391   0    LOOP1
346   348   0.0000133584   5    LOOP1
425   426   0.0000051460   6    LOOP1
100   102   0.0000215801   1    LOOP1
426   427   0.0000051232   6    LOOP1
108   110   0.0000237729   11    LOOP1
104   106   0.0000214358   10    LOOP1
51   52   0.0000114753   0    LOOP1
224   226   0.0000175452   3    LOOP1
110   111   0.0000108881   1    LOOP1
483   484   0.0000044690   7    LOOP1
52   53   0.0000114399   0    LOOP1
287   289   0.0000150087   4    LOOP1
167   169   0.0000191652   6    LOOP1
226   228   0.0000174330   10    LOOP1
348   350   0.0000134413   5    LOOP1
165   167   0.0000192504   8    LOOP1
102   104   0.0000237399   9    LOOP1
484   485   0.0000043982   7    LOOP1
228   230   0.0000175289   3    LOOP1
169   171   0.0000195070   11    LOOP1
111   112   0.0000106492   1    LOOP1
163   165   0.0000191764   2    LOOP1
53   54   0.0000114529   0    LOOP1
289   291   0.0000150143   4    LOOP1
230   232   0.0000171009   6    LOOP1
352   354   0.0000130772   8    LOOP1
54   55   0.0000119153   9    LOOP1
485   486   0.0000043982   7    LOOP1
112   113   0.0000107777   1    LOOP1
55   56   0.0000130790   11    LOOP1
171   172   0.0000097170   2    LOOP1
291   293   0.0000148881   10    LOOP1
293   294   0.0000074343   4    LOOP1
486   487   0.0000044429   7    LOOP1
232   233   0.0000085989   3    LOOP1
57   58   0.0000114930   6    LOOP1
350   352   0.0000132550   5    LOOP1
113   114   0.0000106990   1    LOOP1
172   173   0.0000095214   2    LOOP1
487   488   0.0000043502   7    LOOP1
56   57   0.0000116779   0    LOOP1
294   295   0.0000073598   4    LOOP1
58   59   0.0000116010   9    LOOP1
354   355   0.0000065658   5    LOOP1
114   115   0.0000107158   10    LOOP1
173   174   0.0000094101   2    LOOP1
233   234   0.0000089267   3    LOOP1
115   116   0.0000105831   6    LOOP1
295   296   0.0000074031   4    LOOP1
60   61   0.0000130916   11    LOOP1
116   117   0.0000106911   1    LOOP1
59   60   0.0000114669   8    LOOP1
118   119   0.0000106753   0    LOOP1
120   121   0.0000105412   10    LOOP1
355   356   0.0000065188   5    LOOP1
117   118   0.0000107330   7    LOOP1
119   120   0.0000119400   9    LOOP1
121   122   0.0000104997   6    LOOP1
174   175   0.0000094390   2    LOOP1
234   235   0.0000088830   3    LOOP1
175   176   0.0000101123   11    LOOP1
178   179   0.0000096988   0    LOOP1
177   178   0.0000109291   1    LOOP1
176   177   0.0000095968   8    LOOP1
180   181   0.0000109663   7    LOOP1
182   183   0.0000095763   6    LOOP1
235   236   0.0000090632   2    LOOP1
356   357   0.0000066627   5    LOOP1
296   297   0.0000073272   4    LOOP1
237   238   0.0000100126   11    LOOP1
240   241   0.0000086511   8    LOOP1
236   237   0.0000086492   3    LOOP1
181   182   0.0000107861   9    LOOP1
357   358   0.0000065570   5    LOOP1
238   239   0.0000083991   0    LOOP1
297   298   0.0000073854   8    LOOP1
298   299   0.0000073821   4    LOOP1
241   242   0.0000096969   7    LOOP1
300   301   0.0000088573   3    LOOP1
243   244   0.0000084243   2    LOOP1
239   240   0.0000098920   1    LOOP1
303   304   0.0000073388   8    LOOP1
302   303   0.0000074301   0    LOOP1
304   305   0.0000072187   4    LOOP1
359   360   0.0000065481   7    LOOP1
242   243   0.0000086091   6    LOOP1
179   180   0.0000094380   10    LOOP1
301   302   0.0000076052   9    LOOP1
299   300   0.0000081402   11    LOOP1
364   365   0.0000063009   0    LOOP1
360   361   0.0000070240   3    LOOP1
365   366   0.0000063879   7    LOOP1
362   363   0.0000076671   1    LOOP1
363   364   0.0000061998   8    LOOP1
361   362   0.0000063372   2    LOOP1
358   359   0.0000063987   5    LOOP1
122   128   0.0000000950   2    LOOP2
244   250   0.0000001211   4    LOOP2
183   189   0.0000002002   3    LOOP2
189   194   0.0035308837   3    LOOP2
194   199   0.0000000601   3    LOOP2
669   674   0.0035381210   11    LOOP2
674   679   0.0000000903   11    LOOP2
199   203   0.0000000489   3    LOOP2
203   207   0.0000000671   3    LOOP2
679   684   0.0000000643   11    LOOP2
684   688   0.0000000671   11    LOOP2
366   372   0.0035530478   6    LOOP2
128   133   0.0035510971   2    LOOP2
688   692   0.0000001038   11    LOOP2
692   696   0.0000000671   11    LOOP2
696   699   0.0000000601   11    LOOP2
372   377   0.0000000941   6    LOOP2
377   382   0.0000000950   6    LOOP2
133   138   0.0000000740   2    LOOP2
250   255   0.0035516340   4    LOOP2
382   386   0.0000000568   6    LOOP2
255   260   0.0000000913   4    LOOP2
260   264   0.0000000591   4    LOOP2
386   390   0.0000001290   6    LOOP2
390   394   0.0000000657   6    LOOP2
394   397   0.0000001038   6    LOOP2
397   400   0.0000000410   6    LOOP2
549   554   0.0035779676   9    LOOP2
427   433   0.0035900506   7    LOOP2
138   142   0.0000000633   2    LOOP2
264   268   0.0000000456   4    LOOP2
268   272   0.0000000661   4    LOOP2
554   559   0.0000001062   9    LOOP2
559   564   0.0000000778   9    LOOP2
564   568   0.0000000508   9    LOOP2
568   572   0.0000000391   9    LOOP2
488   494   0.0035982453   8    LOOP2
494   499   0.0000001052   8    LOOP2
499   504   0.0000000624   8    LOOP2
504   508   0.0000000596   8    LOOP2
508   512   0.0000000461   8    LOOP2
512   516   0.0000000433   8    LOOP2
433   438   0.0000000619   7    LOOP2
438   443   0.0000000652   7    LOOP2
443   447   0.0000000508   7    LOOP2
447   451   0.0000000359   7    LOOP2
451   455   0.0000000340   7    LOOP2
455   458   0.0000000480   7    LOOP2
516   519   0.0000000643   8    LOOP2
572   576   0.0000000442   9    LOOP2
576   579   0.0000000806   9    LOOP2
272   275   0.0000000591   4    LOOP2
275   278   0.0000000591   4    LOOP2
609   614   0.0036202921   10    LOOP2
614   619   0.0000001066   10    LOOP2
619   624   0.0000000540   10    LOOP2
624   628   0.0000000428   10    LOOP2
628   632   0.0000000368   10    LOOP2
632   636   0.0000000359   10    LOOP2
636   639   0.0000000470   10    LOOP2
305   311   0.0036960146   5    LOOP2
311   316   0.0000000750   5    LOOP2
316   321   0.0000000410   5    LOOP2
321   325   0.0000000503   5    LOOP2
325   329   0.0000000619   5    LOOP2
329   333   0.0000000428   5    LOOP2
333   336   0.0000000619   5    LOOP2
336   339   0.0000000400   5    LOOP2
61   67   0.0037063239   1    LOOP2
207   211   0.0035254979   3    LOOP2
211   214   0.0000000652   3    LOOP2
214   217   0.0000000354   3    LOOP2
217   220   0.0000000349   3    LOOP2
400   403   0.0035248976   6    LOOP2
403   405   0.0000000601   6    LOOP2
405   407   0.0000000307   6    LOOP2
407   409   0.0000000340   6    LOOP2
409   411   0.0000000317   6    LOOP2
411   413   0.0000000331   6    LOOP2
413   415   0.0000000312   6    LOOP2
415   416   0.0000000461   6    LOOP2
416   417   0.0000000312   6    LOOP2
417   418   0.0000000303   6    LOOP2
418   419   0.0000000340   6    LOOP2
419   420   0.0000000307   6    LOOP2
420   421   0.0000000354   6    LOOP2
421   422   0.0000000331   6    LOOP2
142   146   0.0035233251   2    LOOP2
146   150   0.0000000801   2    LOOP2
422   423   0.0000000298   6    LOOP2
423   424   0.0000000563   6    LOOP2
150   153   0.0000000489   2    LOOP2
153   156   0.0000000601   2    LOOP2
424   425   0.0000000340   6    LOOP2
425   426   0.0000000503   6    LOOP2
156   159   0.0000000331   2    LOOP2
426   427   0.0000000317   6    LOOP2
458   461   0.0035303752   7    LOOP2
461   464   0.0000000433   7    LOOP2
464   466   0.0000000447   7    LOOP2
466   468   0.0000000321   7    LOOP2
468   470   0.0000000321   7    LOOP2
470   472   0.0000000307   7    LOOP2
472   474   0.0000000349   7    LOOP2
474   476   0.0000000312   7    LOOP2
476   477   0.0000000442   7    LOOP2
477   478   0.0000000340   7    LOOP2
519   522   0.0035299445   8    LOOP2
522   525   0.0000000792   8    LOOP2
278   281   0.0035252771   4    LOOP2
281   283   0.0000000857   4    LOOP2
525   527   0.0000000759   8    LOOP2
579   582   0.0035405182   9    LOOP2
639   642   0.0035275263   10    LOOP2
283   285   0.0000000759   4    LOOP2
478   479   0.0000000312   7    LOOP2
479   480   0.0000000489   7    LOOP2
582   585   0.0000001350   9    LOOP2
585   587   0.0000001448   9    LOOP2
587   589   0.0000001132   9    LOOP2
589   591   0.0000001141   9    LOOP2
642   645   0.0000000671   10    LOOP2
645   647   0.0000000750   10    LOOP2
527   529   0.0000000610   8    LOOP2
529   531   0.0000000647   8    LOOP2
531   533   0.0000001201   8    LOOP2
591   593   0.0000000331   9    LOOP2
285   287   0.0000000661   4    LOOP2
593   595   0.0000000591   9    LOOP2
595   597   0.0000000363   9    LOOP2
287   289   0.0000000540   4    LOOP2
647   649   0.0000000359   10    LOOP2
289   291   0.0000000349   4    LOOP2
649   651   0.0000000591   10    LOOP2
291   293   0.0000000331   4    LOOP2
651   653   0.0000000349   10    LOOP2
480   481   0.0000000349   7    LOOP2
653   655   0.0000000307   10    LOOP2
597   598   0.0000000591   9    LOOP2
533   535   0.0000001243   8    LOOP2
293   294   0.0000000508   4    LOOP2
535   537   0.0000001257   8    LOOP2
294   295   0.0000000494   4    LOOP2
655   657   0.0000000340   10    LOOP2
598   599   0.0000000629   9    LOOP2
481   482   0.0000000470   7    LOOP2
537   538   0.0000001299   8    LOOP2
295   296   0.0000000340   4    LOOP2
657   658   0.0000000629   10    LOOP2
296   297   0.0000000461   4    LOOP2
297   298   0.0000000340   4    LOOP2
599   600   0.0000000522   9    LOOP2
538   539   0.0000001211   8    LOOP2
699   702   0.0036667949   11    LOOP2
600   601   0.0000000480   9    LOOP2
539   540   0.0000000540   8    LOOP2
601   602   0.0000000373   9    LOOP2
298   299   0.0000000359   4    LOOP2
602   603   0.0000000340   9    LOOP2
540   541   0.0000000340   8    LOOP2
603   604   0.0000000307   9    LOOP2
541   542   0.0000000340   8    LOOP2
482   483   0.0000000522   7    LOOP2
702   705   0.0000001178   11    LOOP2
542   543   0.0000000331   8    LOOP2
483   484   0.0000000489   7    LOOP2
658   659   0.0000000512   10    LOOP2
484   485   0.0000000340   7    LOOP2
299   300   0.0000000419   4    LOOP2
485   486   0.0000000340   7    LOOP2
300   301   0.0000000447   4    LOOP2
604   605   0.0000000312   9    LOOP2
486   487   0.0000000298   7    LOOP2
705   707   0.0000001439   11    LOOP2
301   302   0.0000000340   4    LOOP2
659   660   0.0000000540   10    LOOP2
487   488   0.0000000340   7    LOOP2
605   606   0.0000000461   9    LOOP2
302   303   0.0000000303   4    LOOP2
606   607   0.0000000480   9    LOOP2
707   709   0.0000001322   11    LOOP2
543   544   0.0000000373   8    LOOP2
709   711   0.0000000601   11    LOOP2
711   713   0.0000000419   11    LOOP2
303   304   0.0000000349   4    LOOP2
713   715   0.0000000349   11    LOOP2
607   608   0.0000000354   9    LOOP2
660   661   0.0000000312   10    LOOP2
608   609   0.0000000489   9    LOOP2
661   662   0.0000000503   10    LOOP2
72   77   0.0000001108   9    LOOP2
662   663   0.0000000340   10    LOOP2
544   545   0.0000000489   8    LOOP2
663   664   0.0000000312   10    LOOP2
664   665   0.0000000359   10    LOOP2
545   546   0.0000000480   8    LOOP2
665   666   0.0000000349   10    LOOP2
304   305   0.0000000498   4    LOOP2
546   547   0.0000000349   8    LOOP2
547   548   0.0000000470   8    LOOP2
666   667   0.0000000340   10    LOOP2
715   717   0.0000000349   11    LOOP2
667   668   0.0000000508   10    LOOP2
548   549   0.0000000331   8    LOOP2
668   669   0.0000000331   10    LOOP2
717   718   0.0000000647   11    LOOP2
718   719   0.0000000522   11    LOOP2
719   720   0.0000001090   11    LOOP2
720   721   0.0000000368   11    LOOP2
721   722   0.0000000326   11    LOOP2
722   723   0.0000000340   11    LOOP2
723   724   0.0000000298   11    LOOP2
724   725   0.0000000340   11    LOOP2
725   726   0.0000000312   11    LOOP2
726   727   0.0000000307   11    LOOP2
727   728   0.0000000307   11    LOOP2
728   729   0.0000000307   11    LOOP2
339   342   0.0037332857   5    LOOP2
342   344   0.0000000633   5    LOOP2
344   346   0.0000000363   5    LOOP2
346   348   0.0000000368   5    LOOP2
348   350   0.0000000442   5    LOOP2
350   352   0.0000000452   5    LOOP2
352   354   0.0000000400   5    LOOP2
354   355   0.0000000489   5    LOOP2
355   356   0.0000000331   5    LOOP2
356   357   0.0000000298   5    LOOP2
357   358   0.0000000303   5    LOOP2
358   359   0.0000000307   5    LOOP2
359   360   0.0000000373   5    LOOP2
360   361   0.0000000349   5    LOOP2
361   362   0.0000000359   5    LOOP2
362   363   0.0000000312   5    LOOP2
363   364   0.0000000331   5    LOOP2
364   365   0.0000000312   5    LOOP2
365   366   0.0000000447   5    LOOP2
85   89   0.0000000959   5    LOOP2
67   72   0.0038164407   1    LOOP2
220   222   0.0035270588   3    LOOP2
222   224   0.0000000601   3    LOOP2
224   226   0.0000000349   3    LOOP2
226   228   0.0000000349   3    LOOP2
228   230   0.0000000373   3    LOOP2
230   232   0.0000000317   3    LOOP2
232   233   0.0000000461   3    LOOP2
233   234   0.0000000312   3    LOOP2
234   235   0.0000000307   3    LOOP2
235   236   0.0000000307   3    LOOP2
236   237   0.0000000349   3    LOOP2
237   238   0.0000000340   3    LOOP2
238   239   0.0000000340   3    LOOP2
239   240   0.0000000303   3    LOOP2
240   241   0.0000000298   3    LOOP2
241   242   0.0000000340   3    LOOP2
242   243   0.0000000312   3    LOOP2
243   244   0.0000000340   3    LOOP2
159   161   0.0035297140   2    LOOP2
161   163   0.0000000470   2    LOOP2
163   165   0.0000000307   2    LOOP2
165   167   0.0000000349   2    LOOP2
167   169   0.0000000312   2    LOOP2
169   171   0.0000000349   2    LOOP2
171   172   0.0000000447   2    LOOP2
172   173   0.0000000321   2    LOOP2
173   174   0.0000000349   2    LOOP2
174   175   0.0000000307   2    LOOP2
175   176   0.0000000331   2    LOOP2
176   177   0.0035230210   2    LOOP2
177   178   0.0000000391   2    LOOP2
178   179   0.0000000307   2    LOOP2
179   180   0.0000000331   2    LOOP2
180   181   0.0000000340   2    LOOP2
181   182   0.0000000321   2    LOOP2
182   183   0.0000000326   2    LOOP2
77   81   0.0117255910   10    LOOP2
92   95   0.0000000568   10    LOOP2
95   98   0.0000000331   10    LOOP2
37   39   0.0000000428   10    LOOP2
81   85   0.0124769709   11    LOOP2
41   43   0.0000000568   11    LOOP2
89   92   0.0124370367   1    LOOP2
98   100   0.0000000712   1    LOOP2
31   34   0.0139520508   3    LOOP2
45   47   0.0000000568   3    LOOP2
0   6   0.0270320042   0    LOOP2
49   50   0.0000000871   0    LOOP2
50   51   0.0000000303   0    LOOP2
51   52   0.0000000303   0    LOOP2
34   37   0.0132056586   2    LOOP2
102   104   0.0000000503   2    LOOP2
104   106   0.0000000298   2    LOOP2
106   108   0.0000000307   2    LOOP2
108   110   0.0000000321   2    LOOP2
53   54   0.0000000428   2    LOOP2
54   55   0.0000000326   2    LOOP2
55   56   0.0000000298   2    LOOP2
100   102   0.0089278151   1    LOOP2
6   11   0.0226537357   6    LOOP2
57   58   0.0000000731   6    LOOP2
58   59   0.0000000307   6    LOOP2
59   60   0.0000000331   6    LOOP2
60   61   0.0000000349   6    LOOP2
111   112   0.0000000382   6    LOOP2
112   113   0.0000000331   6    LOOP2
113   114   0.0000000340   6    LOOP2
114   115   0.0000000317   6    LOOP2
115   116   0.0000000331   6    LOOP2
116   117   0.0000000340   6    LOOP2
117   118   0.0000000317   6    LOOP2
118   119   0.0000000321   6    LOOP2
119   120   0.0000000312   6    LOOP2
120   121   0.0000000331   6    LOOP2
121   122   0.0000000340   6    LOOP2
28   31   0.0223632152   5    LOOP2
39   41   0.0119445673   10    LOOP2
43   45   0.0123790209   11    LOOP2
110   111   0.0061595533   1    LOOP2
47   49   0.0117268669   3    LOOP2
52   53   0.0110529009   0    LOOP2
56   57   0.0112465848   2    LOOP2
16   20   0.0384472921   9    LOOP2
24   28   0.0441841623   8    LOOP2
11   16   0.0442249132   7    LOOP2
20   24   0.0444308203   4    LOOP2
N_Threads 24
489   491   0.0000160080   16    LOOP1
491   493   0.0000072950   16    LOOP1
493   495   0.0000070264   16    LOOP1
495   496   0.0000035157   16    LOOP1
496   497   0.0000035302   16    LOOP1
497   498   0.0000034953   16    LOOP1
217   219   0.0000185021   7    LOOP1
519   521   0.0000123563   17    LOOP1
521   523   0.0000068517   17    LOOP1
219   221   0.0000262032   7    LOOP1
523   525   0.0000066729   17    LOOP1
525   526   0.0000034310   17    LOOP1
429   431   0.0000117668   14    LOOP1
221   223   0.0000161361   7    LOOP1
431   433   0.0000096168   14    LOOP1
433   435   0.0000091461   14    LOOP1
435   436   0.0000045472   14    LOOP1
223   225   0.0000293902   7    LOOP1
436   437   0.0000175126   14    LOOP1
225   226   0.0000081421   7    LOOP1
437   438   0.0000046780   14    LOOP1
639   641   0.0000057700   21    LOOP1
226   227   0.0000081109   7    LOOP1
459   461   0.0000157040   15    LOOP1
227   228   0.0000081868   7    LOOP1
461   463   0.0000090422   15    LOOP1
228   229   0.0000080965   7    LOOP1
463   465   0.0000213981   15    LOOP1
669   671   0.0000040717   22    LOOP1
465   466   0.0000044839   15    LOOP1
466   467   0.0000045099   15    LOOP1
467   468   0.0000139400   15    LOOP1
468   469   0.0000044378   15    LOOP1
469   470   0.0000044126   15    LOOP1
309   311   0.0000149421   10    LOOP1
470   471   0.0000171843   15    LOOP1
471   472   0.0000044992   15    LOOP1
279   281   0.0000164621   9    LOOP1
311   313   0.0000140620   10    LOOP1
339   341   0.0000143531   11    LOOP1
281   283   0.0000248947   9    LOOP1
313   315   0.0000270898   10    LOOP1
549   551   0.0000107670   18    LOOP1
155   157   0.0000217371   5    LOOP1
551   553   0.0000064480   18    LOOP1
553   555   0.0000059581   18    LOOP1
555   556   0.0000029611   18    LOOP1
699   701   0.0000017751   23    LOOP1
157   159   0.0000202172   5    LOOP1
701   703   0.0000013658   23    LOOP1
399   401   0.0000122683   13    LOOP1
369   371   0.0000129142   12    LOOP1
609   611   0.0000073537   20    LOOP1
579   581   0.0000089030   19    LOOP1
62   64   0.0000364576   2    LOOP1
581   583   0.0000054240   19    LOOP1
186   188   0.0000297897   6    LOOP1
583   585   0.0000049639   19    LOOP1
585   586   0.0000024699   19    LOOP1
586   587   0.0000024517   19    LOOP1
587   588   0.0000024308   19    LOOP1
588   589   0.0000024280   19    LOOP1
589   590   0.0000024028   19    LOOP1
64   66   0.0000225748   2    LOOP1
590   591   0.0000023851   19    LOOP1
0   2   0.0000424478   0    LOOP1
93   95   0.0000353591   3    LOOP1
31   33   0.0000374881   1    LOOP1
498   499   0.0000034817   16    LOOP1
526   527   0.0000035260   17    LOOP1
95   97   0.0000220290   3    LOOP1
499   500   0.0000064312   16    LOOP1
2   4   0.0000313683   0    LOOP1
641   643   0.0000031530   21    LOOP1
500   501   0.0000062748   16    LOOP1
643   645   0.0000030859   21    LOOP1
671   673   0.0000026966   22    LOOP1
341   343   0.0000141240   11    LOOP1
645   646   0.0000014482   21    LOOP1
283   285   0.0000157668   9    LOOP1
673   675   0.0000034859   22    LOOP1
556   557   0.0000029583   18    LOOP1
159   161   0.0000196616   5    LOOP1
401   403   0.0000118841   13    LOOP1
248   250   0.0000259369   8    LOOP1
285   286   0.0000078334   9    LOOP1
343   345   0.0000135978   11    LOOP1
371   373   0.0000124569   12    LOOP1
188   190   0.0000184290   6    LOOP1
124   126   0.0000333660   4    LOOP1
403   405   0.0000115978   13    LOOP1
286   287   0.0000078399   9    LOOP1
527   528   0.0000037542   17    LOOP1
405   406   0.0000056927   13    LOOP1
33   35   0.0000241199   1    LOOP1
250   252   0.0000164257   8    LOOP1
528   529   0.0000044927   17    LOOP1
315   316   0.0000070194   10    LOOP1
406   407   0.0000057518   13    LOOP1
4   6   0.0000502351   0    LOOP1
646   647   0.0000014440   21    LOOP1
438   439   0.0000046510   14    LOOP1
229   230   0.0000084909   7    LOOP1
557   558   0.0000030831   18    LOOP1
252   254   0.0000182446   8    LOOP1
97   99   0.0000302889   3    LOOP1
66   68   0.0000224332   2    LOOP1
558   559   0.0000044131   18    LOOP1
591   592   0.0000037001   19    LOOP1
230   231   0.0000090757   7    LOOP1
161   163   0.0000197659   5    LOOP1
559   560   0.0000046827   18    LOOP1
6   8   0.0000255248   0    LOOP1
592   593   0.0000024950   19    LOOP1
254   256   0.0000160588   8    LOOP1
190   192   0.0000185319   6    LOOP1
560   561   0.0000046650   18    LOOP1
593   594   0.0000023572   19    LOOP1
163   164   0.0000099549   5    LOOP1
126   128   0.0000216537   4    LOOP1
256   257   0.0000103982   8    LOOP1
675   676   0.0000016773   22    LOOP1
594   595   0.0000035870   19    LOOP1
647   648   0.0000016000   21    LOOP1
164   165   0.0000097142   5    LOOP1
439   440   0.0000053351   14    LOOP1
35   37   0.0000256351   1    LOOP1
648   649   0.0000023199   21    LOOP1
8   9   0.0000286512   0    LOOP1
192   194   0.0000226707   6    LOOP1
649   650   0.0000021160   21    LOOP1
501   502   0.0000062343   16    LOOP1
440   441   0.0000050100   14    LOOP1
703   705   0.0000009211   23    LOOP1
650   651   0.0000022030   21    LOOP1
99   101   0.0000219531   3    LOOP1
705   706   0.0000006258   23    LOOP1
441   442   0.0000049379   14    LOOP1
502   503   0.0000063498   16    LOOP1
194   195   0.0000141971   6    LOOP1
407   408   0.0000055828   13    LOOP1
9   10   0.0000189859   0    LOOP1
595   596   0.0000036671   19    LOOP1
37   39   0.0000261310   1    LOOP1
503   504   0.0000057793   16    LOOP1
257   258   0.0000080373   8    LOOP1
345   346   0.0000067269   11    LOOP1
408   409   0.0000058864   13    LOOP1
596   597   0.0000023968   19    LOOP1
287   288   0.0000076611   9    LOOP1
195   196   0.0000135559   6    LOOP1
409   410   0.0000056382   13    LOOP1
165   166   0.0000099852   5    LOOP1
504   505   0.0000061560   16    LOOP1
101   102   0.0000160723   3    LOOP1
10   11   0.0000185790   0    LOOP1
561   562   0.0000047460   18    LOOP1
316   317   0.0000071237   10    LOOP1
410   411   0.0000055889   13    LOOP1
529   530   0.0000057761   17    LOOP1
166   167   0.0000098632   5    LOOP1
442   443   0.0000048769   14    LOOP1
706   707   0.0000004959   23    LOOP1
196   197   0.0000099470   6    LOOP1
505   506   0.0000056638   16    LOOP1
676   677   0.0000011474   22    LOOP1
530   531   0.0000049928   17    LOOP1
707   708   0.0000005760   23    LOOP1
231   232   0.0000088089   7    LOOP1
102   103   0.0000137500   3    LOOP1
531   532   0.0000051400   17    LOOP1
411   412   0.0000055288   13    LOOP1
443   444   0.0000049546   14    LOOP1
677   678   0.0000016801   22    LOOP1
39   40   0.0000119209   1    LOOP1
197   198   0.0000134250   6    LOOP1
651   652   0.0000021933   21    LOOP1
597   598   0.0000034478   19    LOOP1
532   533   0.0000035493   17    LOOP1
412   413   0.0000055102   13    LOOP1
444   445   0.0000048601   14    LOOP1
288   289   0.0000077030   9    LOOP1
611   613   0.0000046962   20    LOOP1
232   233   0.0000087037   7    LOOP1
598   599   0.0000032871   19    LOOP1
11   12   0.0000182698   0    LOOP1
533   534   0.0000053253   17    LOOP1
708   709   0.0000007260   23    LOOP1
317   318   0.0000070930   10    LOOP1
128   130   0.0000273399   4    LOOP1
68   70   0.0000355300   2    LOOP1
258   259   0.0000081309   8    LOOP1
613   615   0.0000063810   20    LOOP1
599   600   0.0000033253   19    LOOP1
167   168   0.0000096923   5    LOOP1
445   446   0.0000048331   14    LOOP1
198   199   0.0000136239   6    LOOP1
289   290   0.0000077486   9    LOOP1
562   563   0.0000036662   18    LOOP1
318   319   0.0000070673   10    LOOP1
233   234   0.0000086040   7    LOOP1
652   653   0.0000020079   21    LOOP1
534   535   0.0000036000   17    LOOP1
259   260   0.0000119559   8    LOOP1
413   414   0.0000055409   13    LOOP1
70   71   0.0000169240   2    LOOP1
40   41   0.0000178628   1    LOOP1
506   507   0.0000055791   16    LOOP1
290   291   0.0000077249   9    LOOP1
12   13   0.0000138800   0    LOOP1
199   200   0.0000135498   6    LOOP1
678   679   0.0000016009   22    LOOP1
653   654   0.0000020168   21    LOOP1
709   710   0.0000006570   23    LOOP1
446   447   0.0000048168   14    LOOP1
103   104   0.0000161212   3    LOOP1
414   415   0.0000055847   13    LOOP1
563   564   0.0000042110   18    LOOP1
373   375   0.0000121295   12    LOOP1
260   261   0.0000119391   8    LOOP1
291   292   0.0000075991   9    LOOP1
346   347   0.0000068876   11    LOOP1
654   655   0.0000020941   21    LOOP1
600   601   0.0000035618   19    LOOP1
168   169   0.0000098189   5    LOOP1
472   473   0.0000045109   15    LOOP1
41   42   0.0000232300   1    LOOP1
615   616   0.0000029607   20    LOOP1
679   680   0.0000015870   22    LOOP1
71   72   0.0000167280   2    LOOP1
319   320   0.0000070049   10    LOOP1
655   656   0.0000018911   21    LOOP1
710   711   0.0000009318   23    LOOP1
601   602   0.0000033099   19    LOOP1
13   14   0.0000180961   0    LOOP1
564   565   0.0000042031   18    LOOP1
507   508   0.0000060848   16    LOOP1
447   448   0.0000048392   14    LOOP1
169   170   0.0000097011   5    LOOP1
473   474   0.0000067460   15    LOOP1
292   293   0.0000075381   9    LOOP1
347   348   0.0000068466   11    LOOP1
711   712   0.0000005560   23    LOOP1
320   321   0.0000069872   10    LOOP1
535   536   0.0000050040   17    LOOP1
602   603   0.0000031539   19    LOOP1
616   617   0.0000033230   20    LOOP1
448   449   0.0000048899   14    LOOP1
508   509   0.0000061113   16    LOOP1
200   201   0.0000136900   6    LOOP1
170   171   0.0000096280   5    LOOP1
712   713   0.0000005560   23    LOOP1
509   510   0.0000060331   16    LOOP1
130   132   0.0000307276   4    LOOP1
321   322   0.0000069463   10    LOOP1
375   376   0.0000061002   12    LOOP1
603   604   0.0000032224   19    LOOP1
415   416   0.0000056410   13    LOOP1
449   450   0.0000047800   14    LOOP1
474   475   0.0000067153   15    LOOP1
261   262   0.0000122390   8    LOOP1
713   714   0.0000005998   23    LOOP1
14   15   0.0000191210   0    LOOP1
171   172   0.0000096699   5    LOOP1
348   349   0.0000066222   11    LOOP1
536   537   0.0000051260   17    LOOP1
234   235   0.0000086543   7    LOOP1
680   681   0.0000013779   22    LOOP1
104   105   0.0000160811   3    LOOP1
416   417   0.0000055660   13    LOOP1
132   133   0.0000153934   4    LOOP1
510   511   0.0000055810   16    LOOP1
293   294   0.0000075409   9    LOOP1
617   618   0.0000031567   20    LOOP1
376   377   0.0000060564   12    LOOP1
537   538   0.0000050282   17    LOOP1
349   350   0.0000068890   11    LOOP1
172   173   0.0000096713   5    LOOP1
322   323   0.0000069262   10    LOOP1
235   236   0.0000086189   7    LOOP1
15   16   0.0000178888   0    LOOP1
604   605   0.0000034599   19    LOOP1
417   418   0.0000054748   13    LOOP1
565   566   0.0000043861   18    LOOP1
262   263   0.0000118567   8    LOOP1
201   202   0.0000138837   6    LOOP1
105   106   0.0000160900   3    LOOP1
377   378   0.0000059721   12    LOOP1
714   715   0.0000005029   23    LOOP1
350   351   0.0000065500   11    LOOP1
72   73   0.0000221548   2    LOOP1
681   682   0.0000015721   22    LOOP1
511   512   0.0000054697   16    LOOP1
236   237   0.0000084988   7    LOOP1
475   476   0.0000066259   15    LOOP1
294   295   0.0000076122   9    LOOP1
42   43   0.0000180723   1    LOOP1
16   17   0.0000179191   0    LOOP1
133   134   0.0000209641   4    LOOP1
418   419   0.0000054310   13    LOOP1
351   352   0.0000066273   11    LOOP1
618   619   0.0000033188   20    LOOP1
173   174   0.0000096350   5    LOOP1
73   74   0.0000168313   2    LOOP1
476   477   0.0000066492   15    LOOP1
378   379   0.0000059530   12    LOOP1
295   296   0.0000077831   9    LOOP1
538   539   0.0000050971   17    LOOP1
323   324   0.0000069770   10    LOOP1
202   203   0.0000133933   6    LOOP1
682   683   0.0000016112   22    LOOP1
619   620   0.0000032159   20    LOOP1
656   657   0.0000018771   21    LOOP1
352   353   0.0000066739   11    LOOP1
450   451   0.0000047619   14    LOOP1
263   264   0.0000119121   8    LOOP1
174   175   0.0000096392   5    LOOP1
296   297   0.0000075852   9    LOOP1
379   380   0.0000059078   12    LOOP1
106   107   0.0000164141   3    LOOP1
74   75   0.0000144341   2    LOOP1
620   621   0.0000031539   20    LOOP1
134   135   0.0000136108   4    LOOP1
353   354   0.0000065393   11    LOOP1
605   606   0.0000034426   19    LOOP1
451   452   0.0000047879   14    LOOP1
477   478   0.0000071377   15    LOOP1
419   420   0.0000053840   13    LOOP1
657   658   0.0000020694   21    LOOP1
264   265   0.0000118213   8    LOOP1
683   684   0.0000015399   22    LOOP1
17   18   0.0000167899   0    LOOP1
566   567   0.0000042692   18    LOOP1
512   513   0.0000055349   16    LOOP1
354   355   0.0000064941   11    LOOP1
539   540   0.0000053248   17    LOOP1
75   76   0.0000169231   2    LOOP1
380   381   0.0000059097   12    LOOP1
658   659   0.0000018720   21    LOOP1
621   622   0.0000029481   20    LOOP1
237   238   0.0000086688   7    LOOP1
43   44   0.0000181277   1    LOOP1
203   204   0.0000201203   6    LOOP1
107   108   0.0000151522   3    LOOP1
513   514   0.0000060159   16    LOOP1
135   136   0.0000154870   4    LOOP1
355   356   0.0000064843   11    LOOP1
540   541   0.0000051409   17    LOOP1
297   298   0.0000076201   9    LOOP1
18   19   0.0000187000   0    LOOP1
684   685   0.0000014040   22    LOOP1
265   266   0.0000120020   8    LOOP1
606   607   0.0000034641   19    LOOP1
76   77   0.0000168527   2    LOOP1
324   325   0.0000070073   10    LOOP1
175   176   0.0000096294   5    LOOP1
478   479   0.0000065798   15    LOOP1
356   357   0.0000066087   11    LOOP1
541   542   0.0000050468   17    LOOP1
44   45   0.0000177459   1    LOOP1
298   299   0.0000077202   9    LOOP1
452   453   0.0000046990   14    LOOP1
238   239   0.0000087810   7    LOOP1
659   660   0.0000017760   21    LOOP1
204   205   0.0000132401   6    LOOP1
514   515   0.0000054701   16    LOOP1
266   267   0.0000121337   8    LOOP1
176   177   0.0000096420   5    LOOP1
479   480   0.0000068238   15    LOOP1
108   109   0.0000162432   3    LOOP1
567   568   0.0000041868   18    LOOP1
607   608   0.0000031781   19    LOOP1
177   178   0.0000095847   5    LOOP1
453   454   0.0000047451   14    LOOP1
660   661   0.0000019041   21    LOOP1
661   662   0.0000019120   21    LOOP1
239   240   0.0000086003   7    LOOP1
19   20   0.0000183699   0    LOOP1
357   358   0.0000064210   11    LOOP1
622   623   0.0000030873   20    LOOP1
542   543   0.0000053141   17    LOOP1
381   382   0.0000059828   12    LOOP1
325   326   0.0000068992   10    LOOP1
299   300   0.0000075120   9    LOOP1
267   268   0.0000119470   8    LOOP1
45   46   0.0000175573   1    LOOP1
662   663   0.0000018561   21    LOOP1
515   516   0.0000058869   16    LOOP1
178   179   0.0000095889   5    LOOP1
480   481   0.0000068760   15    LOOP1
205   206   0.0000138483   6    LOOP1
358   359   0.0000064359   11    LOOP1
136   137   0.0000150758   4    LOOP1
326   327   0.0000068173   10    LOOP1
568   569   0.0000041132   18    LOOP1
109   110   0.0000160192   3    LOOP1
608   609   0.0000030561   19    LOOP1
663   664   0.0000017523   21    LOOP1
623   624   0.0000030361   20    LOOP1
268   269   0.0000100867   8    LOOP1
543   544   0.0000050189   17    LOOP1
481   482   0.0000067102   15    LOOP1
685   686   0.0000014552   22    LOOP1
359   360   0.0000063949   11    LOOP1
46   47   0.0000173529   1    LOOP1
715   716   0.0000005192   23    LOOP1
240   241   0.0000084857   7    LOOP1
664   665   0.0000018110   21    LOOP1
516   517   0.0000053672   16    LOOP1
454   455   0.0000046943   14    LOOP1
179   180   0.0000097067   5    LOOP1
569   570   0.0000040852   18    LOOP1
110   111   0.0000158111   3    LOOP1
47   48   0.0000177966   1    LOOP1
360   361   0.0000063851   11    LOOP1
420   421   0.0000055181   13    LOOP1
665   666   0.0000016671   21    LOOP1
20   21   0.0000179121   0    LOOP1
137   138   0.0000168062   4    LOOP1
517   518   0.0000055730   16    LOOP1
544   545   0.0000052880   17    LOOP1
77   78   0.0000160029   2    LOOP1
206   207   0.0000134893   6    LOOP1
570   571   0.0000041467   18    LOOP1
716   717   0.0000005141   23    LOOP1
300   301   0.0000075642   9    LOOP1
241   242   0.0000087372   7    LOOP1
666   667   0.0000015968   21    LOOP1
686   687   0.0000014510   22    LOOP1
667   668   0.0000015469   21    LOOP1
455   456   0.0000047027   14    LOOP1
382   383   0.0000059609   12    LOOP1
48   49   0.0000178213   1    LOOP1
482   483   0.0000068932   15    LOOP1
571   572   0.0000043921   18    LOOP1
21   22   0.0000195531   19    LOOP1
421   422   0.0000055390   13    LOOP1
111   112   0.0000164220   3    LOOP1
668   669   0.0000017080   21    LOOP1
180   181   0.0000094497   5    LOOP1
383   384   0.0000059674   12    LOOP1
624   625   0.0000030319   20    LOOP1
717   718   0.0000004419   23    LOOP1
207   208   0.0000134069   6    LOOP1
687   688   0.0000014380   22    LOOP1
301   302   0.0000076820   9    LOOP1
518   519   0.0000057658   16    LOOP1
456   457   0.0000046291   14    LOOP1
422   423   0.0000056527   13    LOOP1
269   270   0.0000117021   8    LOOP1
361   362   0.0000064801   11    LOOP1
23   24   0.0000135088   19    LOOP1
49   50   0.0000162567   1    LOOP1
572   573   0.0000039740   18    LOOP1
545   546   0.0000049938   17    LOOP1
688   689   0.0000012838   22    LOOP1
138   139   0.0000151517   4    LOOP1
457   458   0.0000046226   14    LOOP1
24   25   0.0000203759   21    LOOP1
22   23   0.0000185203   0    LOOP1
208   209   0.0000156900   6    LOOP1
384   385   0.0000058217   12    LOOP1
483   484   0.0000044610   15    LOOP1
242   243   0.0000084052   7    LOOP1
689   690   0.0000011581   22    LOOP1
181   182   0.0000094809   5    LOOP1
26   27   0.0000185221   19    LOOP1
458   459   0.0000046059   14    LOOP1
362   363   0.0000064243   11    LOOP1
423   424   0.0000053938   13    LOOP1
78   79   0.0000169119   2    LOOP1
573   574   0.0000039791   18    LOOP1
385   386   0.0000058394   12    LOOP1
718   719   0.0000003893   23    LOOP1
546   547   0.0000050641   17    LOOP1
112   113   0.0000158171   3    LOOP1
28   29   0.0000164048   0    LOOP1
50   51   0.0000155340   1    LOOP1
302   303   0.0000075251   9    LOOP1
625   626   0.0000030752   20    LOOP1
719   720   0.0000003669   23    LOOP1
484   485   0.0000065719   15    LOOP1
690   691   0.0000012098   22    LOOP1
243   244   0.0000085644   7    LOOP1
547   548   0.0000051437   17    LOOP1
270   271   0.0000118949   8    LOOP1
29   30   0.0000182809   14    LOOP1
182   183   0.0000095959   5    LOOP1
139   140   0.0000157468   4    LOOP1
363   364   0.0000065370   11    LOOP1
209   210   0.0000162250   6    LOOP1
424   425   0.0000055479   13    LOOP1
25   26   0.0000164881   16    LOOP1
485   486   0.0000068261   15    LOOP1
52   53   0.0000176737   1    LOOP1
548   549   0.0000052140   17    LOOP1
79   80   0.0000168462   2    LOOP1
113   114   0.0000158260   3    LOOP1
183   184   0.0000093877   5    LOOP1
303   304   0.0000074967   9    LOOP1
574   575   0.0000042827   18    LOOP1
30   31   0.0000173929   19    LOOP1
244   245   0.0000086501   7    LOOP1
327   328   0.0000068280   10    LOOP1
210   211   0.0000134832   6    LOOP1
626   627   0.0000030966   20    LOOP1
364   365   0.0000063377   11    LOOP1
386   387   0.0000057979   12    LOOP1
55   56   0.0000149678   16    LOOP1
486   487   0.0000071200   15    LOOP1
575   576   0.0000042599   18    LOOP1
80   81   0.0000169580   2    LOOP1
114   115   0.0000158320   3    LOOP1
691   692   0.0000012801   22    LOOP1
328   329   0.0000068070   10    LOOP1
627   628   0.0000027460   20    LOOP1
271   272   0.0000116341   8    LOOP1
57   58   0.0000155177   19    LOOP1
27   28   0.0000208230   21    LOOP1
211   212   0.0000136169   6    LOOP1
56   57   0.0000176728   1    LOOP1
304   305   0.0000075991   9    LOOP1
54   55   0.0000180081   17    LOOP1
51   52   0.0000170898   0    LOOP1
140   141   0.0000149379   4    LOOP1
245   246   0.0000086650   7    LOOP1
81   82   0.0000164029   2    LOOP1
184   185   0.0000094399   5    LOOP1
365   366   0.0000063251   11    LOOP1
720   721   0.0000003572   23    LOOP1
53   54   0.0000116988   14    LOOP1
628   629   0.0000028242   20    LOOP1
59   60   0.0000170539   19    LOOP1
487   488   0.0000062771   15    LOOP1
58   59   0.0000169128   16    LOOP1
61   62   0.0000173878   1    LOOP1
425   426   0.0000053742   13    LOOP1
387   388   0.0000058599   12    LOOP1
83   84   0.0000147838   0    LOOP1
576   577   0.0000039362   18    LOOP1
185   186   0.0000093463   5    LOOP1
60   61   0.0000168248   21    LOOP1
212   213   0.0000130530   6    LOOP1
82   83   0.0000167838   17    LOOP1
85   86   0.0000110622   14    LOOP1
721   722   0.0000003651   23    LOOP1
488   489   0.0000065900   15    LOOP1
141   142   0.0000148891   4    LOOP1
388   389   0.0000058580   12    LOOP1
329   330   0.0000068024   10    LOOP1
115   116   0.0000156928   3    LOOP1
89   90   0.0000110418   14    LOOP1
84   85   0.0000163973   2    LOOP1
629   630   0.0000027129   20    LOOP1
426   427   0.0000053206   13    LOOP1
722   723   0.0000002962   23    LOOP1
272   273   0.0000116890   8    LOOP1
91   92   0.0000110068   5    LOOP1
577   578   0.0000038398   18    LOOP1
87   88   0.0000171661   16    LOOP1
389   390   0.0000057998   12    LOOP1
213   214   0.0000136220   6    LOOP1
692   693   0.0000011763   22    LOOP1
630   631   0.0000028592   20    LOOP1
117   118   0.0000167098   15    LOOP1
92   93   0.0000120010   14    LOOP1
366   367   0.0000064112   11    LOOP1
118   119   0.0000159591   3    LOOP1
88   89   0.0000168108   1    LOOP1
273   274   0.0000114539   8    LOOP1
119   120   0.0000165501   2    LOOP1
116   117   0.0000170879   17    LOOP1
631   632   0.0000026291   20    LOOP1
90   91   0.0000168458   0    LOOP1
427   428   0.0000054562   13    LOOP1
246   247   0.0000085910   7    LOOP1
305   306   0.0000074981   9    LOOP1
86   87   0.0000164080   19    LOOP1
330   331   0.0000067637   10    LOOP1
693   694   0.0000011041   22    LOOP1
390   391   0.0000057523   12    LOOP1
120   121   0.0000108038   5    LOOP1
723   724   0.0000002943   23    LOOP1
274   275   0.0000109840   8    LOOP1
144   145   0.0000155400   1    LOOP1
428   429   0.0000052997   13    LOOP1
123   124   0.0000103093   14    LOOP1
122   123   0.0000160304   15    LOOP1
306   307   0.0000074990   9    LOOP1
247   248   0.0000084853   7    LOOP1
143   144   0.0000151177   3    LOOP1
147   148   0.0000150530   0    LOOP1
214   215   0.0000133631   6    LOOP1
121   122   0.0000153771   16    LOOP1
367   368   0.0000063549   11    LOOP1
578   579   0.0000047470   18    LOOP1
275   276   0.0000114017   8    LOOP1
142   143   0.0000149277   4    LOOP1
150   151   0.0000147680   1    LOOP1
391   392   0.0000057742   12    LOOP1
694   695   0.0000010543   22    LOOP1
153   154   0.0000149240   15    LOOP1
215   216   0.0000132988   3    LOOP1
148   149   0.0000146721   19    LOOP1
152   153   0.0000101798   13    LOOP1
146   147   0.0000151740   17    LOOP1
277   278   0.0000121510   16    LOOP1
151   152   0.0000099652   14    LOOP1
331   332   0.0000068140   10    LOOP1
724   725   0.0000002477   23    LOOP1
632   633   0.0000033383   20    LOOP1
392   393   0.0000057840   12    LOOP1
216   217   0.0000138222   0    LOOP1
333   334   0.0000102730   4    LOOP1
149   150   0.0000100988   5    LOOP1
393   394   0.0000057202   12    LOOP1
278   279   0.0000117323   3    LOOP1
307   308   0.0000075037   9    LOOP1
336   337   0.0000102241   19    LOOP1
332   333   0.0000100001   16    LOOP1
396   397   0.0000057989   10    LOOP1
308   309   0.0000113691   8    LOOP1
276   277   0.0000118478   6    LOOP1
634   635   0.0000018468   5    LOOP1
635   636   0.0000026063   3    LOOP1
398   399   0.0000083223   4    LOOP1
335   336   0.0000107153   15    LOOP1
394   395   0.0000056890   12    LOOP1
633   634   0.0000026789   20    LOOP1
154   155   0.0000099670   7    LOOP1
368   369   0.0000063679   11    LOOP1
697   698   0.0000009080   8    LOOP1
337   338   0.0000069649   13    LOOP1
698   699   0.0000009178   6    LOOP1
145   146   0.0000156583   2    LOOP1
637   638   0.0000025299   19    LOOP1
695   696   0.0000009970   22    LOOP1
725   726   0.0000001970   23    LOOP1
395   396   0.0000057211   14    LOOP1
726   727   0.0000003162   5    LOOP1
727   728   0.0000002957   3    LOOP1
728   729   0.0000000587   4    LOOP1
334   335   0.0000107130   1    LOOP1
696   697   0.0000005979   10    LOOP1
636   637   0.0000018789   9    LOOP1
638   639   0.0000022897   16    LOOP1
397   398   0.0000082362   0    LOOP1
338   339   0.0000102571   17    LOOP1
155   157   0.0000001262   5    LOOP2
93   95   0.0000001020   3    LOOP2
157   159   0.0000000391   5    LOOP2
217   219   0.0000001253   7    LOOP2
248   250   0.0000000829   8    LOOP2
124   126   0.0000001467   4    LOOP2
186   188   0.0000001742   6    LOOP2
95   97   0.0000001253   3    LOOP2
97   99   0.0000000610   3    LOOP2
188   190   0.0000000573   6    LOOP2
126   128   0.0000000638   4    LOOP2
128   130   0.0000001481   4    LOOP2
309   311   0.0035372283   10    LOOP2
311   313   0.0000000801   10    LOOP2
313   315   0.0000000391   10    LOOP2
315   316   0.0000000489   10    LOOP2
316   317   0.0000000340   10    LOOP2
279   281   0.0035265344   9    LOOP2
317   318   0.0000000489   10    LOOP2
339   341   0.0035303477   11    LOOP2
399   401   0.0035304241   13    LOOP2
159   161   0.0035288762   5    LOOP2
318   319   0.0000000354   10    LOOP2
281   283   0.0000000489   9    LOOP2
319   320   0.0000000489   10    LOOP2
320   321   0.0000000298   10    LOOP2
321   322   0.0000000349   10    LOOP2
401   403   0.0000000531   13    LOOP2
322   323   0.0000000377   10    LOOP2
369   371   0.0035551004   12    LOOP2
283   285   0.0000000391   9    LOOP2
371   373   0.0000000698   12    LOOP2
285   286   0.0000000470   9    LOOP2
403   405   0.0000000391   13    LOOP2
286   287   0.0000000396   9    LOOP2
287   288   0.0000000340   9    LOOP2
161   163   0.0000000587   5    LOOP2
323   324   0.0000000368   10    LOOP2
163   164   0.0000000540   5    LOOP2
324   325   0.0000000452   10    LOOP2
164   165   0.0000000340   5    LOOP2
325   326   0.0000000400   10    LOOP2
165   166   0.0000000354   5    LOOP2
341   343   0.0000000647   11    LOOP2
288   289   0.0000000321   9    LOOP2
166   167   0.0000001327   5    LOOP2
343   345   0.0000001336   11    LOOP2
167   168   0.0000000321   5    LOOP2
345   346   0.0000000526   11    LOOP2
168   169   0.0000000349   5    LOOP2
289   290   0.0000000349   9    LOOP2
405   406   0.0000000484   13    LOOP2
346   347   0.0000000400   11    LOOP2
169   170   0.0000000349   5    LOOP2
429   431   0.0035852250   14    LOOP2
347   348   0.0000000331   11    LOOP2
170   171   0.0000000349   5    LOOP2
373   375   0.0000000340   12    LOOP2
348   349   0.0000000340   11    LOOP2
290   291   0.0000000349   9    LOOP2
406   407   0.0000000382   13    LOOP2
349   350   0.0000000400   11    LOOP2
350   351   0.0000000456   11    LOOP2
351   352   0.0000000391   11    LOOP2
171   172   0.0000000340   5    LOOP2
407   408   0.0000000326   13    LOOP2
375   376   0.0000001318   12    LOOP2
291   292   0.0000000377   9    LOOP2
172   173   0.0000000363   5    LOOP2
173   174   0.0000000321   5    LOOP2
352   353   0.0000000298   11    LOOP2
376   377   0.0000000307   12    LOOP2
326   327   0.0000000298   10    LOOP2
292   293   0.0000000382   9    LOOP2
353   354   0.0000000373   11    LOOP2
174   175   0.0000000340   5    LOOP2
293   294   0.0000000340   9    LOOP2
354   355   0.0000000368   11    LOOP2
431   433   0.0000000540   14    LOOP2
175   176   0.0000000331   5    LOOP2
408   409   0.0000000400   13    LOOP2
355   356   0.0000000321   11    LOOP2
294   295   0.0000000307   9    LOOP2
433   435   0.0000000391   14    LOOP2
356   357   0.0000000307   11    LOOP2
409   410   0.0000000400   13    LOOP2
295   296   0.0000000307   9    LOOP2
410   411   0.0000000340   13    LOOP2
377   378   0.0000000331   12    LOOP2
296   297   0.0000000331   9    LOOP2
378   379   0.0000000359   12    LOOP2
297   298   0.0000000340   9    LOOP2
379   380   0.0000000312   12    LOOP2
435   436   0.0000000480   14    LOOP2
357   358   0.0000000340   11    LOOP2
436   437   0.0000000312   14    LOOP2
358   359   0.0000000386   11    LOOP2
327   328   0.0000000400   10    LOOP2
437   438   0.0000000340   14    LOOP2
298   299   0.0000000340   9    LOOP2
359   360   0.0000000359   11    LOOP2
360   361   0.0000000349   11    LOOP2
328   329   0.0000000424   10    LOOP2
299   300   0.0000000368   9    LOOP2
380   381   0.0000000331   12    LOOP2
438   439   0.0000000312   14    LOOP2
300   301   0.0000000317   9    LOOP2
381   382   0.0000000373   12    LOOP2
382   383   0.0000000312   12    LOOP2
361   362   0.0000000331   11    LOOP2
383   384   0.0000000298   12    LOOP2
439   440   0.0000000382   14    LOOP2
329   330   0.0000000340   10    LOOP2
384   385   0.0000000340   12    LOOP2
385   386   0.0000000321   12    LOOP2
440   441   0.0000000373   14    LOOP2
301   302   0.0000000340   9    LOOP2
330   331   0.0000000331   10    LOOP2
386   387   0.0000000340   12    LOOP2
302   303   0.0000000382   9    LOOP2
331   332   0.0000000373   10    LOOP2
387   388   0.0000000373   12    LOOP2
441   442   0.0000000340   14    LOOP2
332   333   0.0000000368   10    LOOP2
388   389   0.0000000340   12    LOOP2
411   412   0.0000000312   13    LOOP2
333   334   0.0000000359   10    LOOP2
303   304   0.0000000340   9    LOOP2
389   390   0.0000000331   12    LOOP2
334   335   0.0000000317   10    LOOP2
390   391   0.0000000340   12    LOOP2
335   336   0.0000000331   10    LOOP2
362   363   0.0000000447   11    LOOP2
391   392   0.0000000340   12    LOOP2
442   443   0.0000000382   14    LOOP2
336   337   0.0000000349   10    LOOP2
412   413   0.0000000447   13    LOOP2
337   338   0.0000000349   10    LOOP2
304   305   0.0000000340   9    LOOP2
443   444   0.0000000382   14    LOOP2
392   393   0.0000000340   12    LOOP2
305   306   0.0000000340   9    LOOP2
393   394   0.0000000382   12    LOOP2
444   445   0.0000000331   14    LOOP2
413   414   0.0000000373   13    LOOP2
394   395   0.0000000340   12    LOOP2
395   396   0.0000000340   12    LOOP2
396   397   0.0000000298   12    LOOP2
338   339   0.0000000331   10    LOOP2
414   415   0.0000000298   13    LOOP2
306   307   0.0000000312   9    LOOP2
363   364   0.0000000410   11    LOOP2
219   221   0.0036426480   7    LOOP2
307   308   0.0000000363   9    LOOP2
308   309   0.0000000303   9    LOOP2
364   365   0.0000001220   11    LOOP2
221   223   0.0000000382   7    LOOP2
365   366   0.0000000349   11    LOOP2
415   416   0.0000000340   13    LOOP2
366   367   0.0000000331   11    LOOP2
445   446   0.0000000298   14    LOOP2
223   225   0.0000000698   7    LOOP2
446   447   0.0000000368   14    LOOP2
447   448   0.0000000307   14    LOOP2
367   368   0.0000000359   11    LOOP2
416   417   0.0000000382   13    LOOP2
368   369   0.0000000354   11    LOOP2
397   398   0.0000000331   12    LOOP2
448   449   0.0000000331   14    LOOP2
225   226   0.0000000540   7    LOOP2
398   399   0.0000000382   12    LOOP2
417   418   0.0000000740   13    LOOP2
449   450   0.0000000349   14    LOOP2
418   419   0.0000000377   13    LOOP2
226   227   0.0000000712   7    LOOP2
227   228   0.0000000438   7    LOOP2
228   229   0.0000000340   7    LOOP2
229   230   0.0000000349   7    LOOP2
450   451   0.0000000377   14    LOOP2
230   231   0.0000000312   7    LOOP2
231   232   0.0000000331   7    LOOP2
33   35   0.0000001648   12    LOOP2
232   233   0.0000000340   7    LOOP2
233   234   0.0000000326   7    LOOP2
419   420   0.0000000331   13    LOOP2
234   235   0.0000000349   7    LOOP2
420   421   0.0000000354   13    LOOP2
421   422   0.0000000331   13    LOOP2
235   236   0.0000000317   7    LOOP2
422   423   0.0000000377   13    LOOP2
423   424   0.0000000340   13    LOOP2
451   452   0.0000000382   14    LOOP2
452   453   0.0000000331   14    LOOP2
453   454   0.0000000349   14    LOOP2
454   455   0.0000000321   14    LOOP2
455   456   0.0000000303   14    LOOP2
424   425   0.0000000321   13    LOOP2
236   237   0.0000000368   7    LOOP2
237   238   0.0000000382   7    LOOP2
425   426   0.0000000354   13    LOOP2
426   427   0.0000000349   13    LOOP2
427   428   0.0000000312   13    LOOP2
428   429   0.0000000317   13    LOOP2
456   457   0.0000000331   14    LOOP2
37   39   0.0000000899   13    LOOP2
457   458   0.0000000340   14    LOOP2
238   239   0.0000000340   7    LOOP2
64   66   0.0000000419   13    LOOP2
458   459   0.0000000340   14    LOOP2
68   70   0.0000001099   14    LOOP2
66   68   0.0000000503   13    LOOP2
239   240   0.0000000382   7    LOOP2
252   254   0.0000000549   13    LOOP2
192   194   0.0000000386   14    LOOP2
240   241   0.0000000373   7    LOOP2
461   463   0.0000000508   14    LOOP2
254   256   0.0000000424   13    LOOP2
241   242   0.0000000349   7    LOOP2
491   493   0.0000001309   13    LOOP2
463   465   0.0000000331   14    LOOP2
242   243   0.0000000359   7    LOOP2
243   244   0.0000000349   7    LOOP2
521   523   0.0000001262   14    LOOP2
523   525   0.0000000349   14    LOOP2
551   553   0.0000000470   14    LOOP2
553   555   0.0000000321   14    LOOP2
493   495   0.0000000354   13    LOOP2
581   583   0.0000000540   14    LOOP2
583   585   0.0000001378   13    LOOP2
244   245   0.0000000349   7    LOOP2
245   246   0.0000000349   7    LOOP2
246   247   0.0000000303   7    LOOP2
611   613   0.0000001192   14    LOOP2
641   643   0.0000000638   14    LOOP2
643   645   0.0000000331   14    LOOP2
247   248   0.0000000340   7    LOOP2
613   615   0.0000000377   13    LOOP2
701   703   0.0000001201   13    LOOP2
703   705   0.0000000349   13    LOOP2
671   673   0.0000001211   14    LOOP2
673   675   0.0000001099   7    LOOP2
519   521   0.0064523951   17    LOOP2
525   526   0.0000000559   17    LOOP2
526   527   0.0000000801   17    LOOP2
527   528   0.0000000549   17    LOOP2
528   529   0.0000000433   17    LOOP2
529   530   0.0000000400   17    LOOP2
530   531   0.0000000410   17    LOOP2
531   532   0.0000000414   17    LOOP2
532   533   0.0000000419   17    LOOP2
533   534   0.0000000419   17    LOOP2
534   535   0.0000000410   17    LOOP2
535   536   0.0000000424   17    LOOP2
536   537   0.0000000428   17    LOOP2
537   538   0.0000000410   17    LOOP2
538   539   0.0000000410   17    LOOP2
539   540   0.0000000410   17    LOOP2
540   541   0.0000000433   17    LOOP2
541   542   0.0000000410   17    LOOP2
542   543   0.0000000447   17    LOOP2
543   544   0.0000000428   17    LOOP2
544   545   0.0000000410   17    LOOP2
545   546   0.0000000419   17    LOOP2
546   547   0.0000000442   17    LOOP2
547   548   0.0000000410   17    LOOP2
548   549   0.0000000531   17    LOOP2
639   641   0.0064973300   21    LOOP2
645   646   0.0000000619   21    LOOP2
646   647   0.0000001187   21    LOOP2
647   648   0.0000000773   21    LOOP2
648   649   0.0000000433   21    LOOP2
649   650   0.0000000531   21    LOOP2
650   651   0.0000000517   21    LOOP2
651   652   0.0000000410   21    LOOP2
652   653   0.0000000722   21    LOOP2
653   654   0.0000000596   21    LOOP2
654   655   0.0000000447   21    LOOP2
655   656   0.0000000447   21    LOOP2
656   657   0.0000000461   21    LOOP2
459   461   0.0065004062   15    LOOP2
250   252   0.0064979466   8    LOOP2
256   257   0.0000000792   8    LOOP2
657   658   0.0000000531   21    LOOP2
658   659   0.0000000498   21    LOOP2
465   466   0.0000000359   15    LOOP2
466   467   0.0000000498   15    LOOP2
467   468   0.0000000363   15    LOOP2
468   469   0.0000000717   15    LOOP2
659   660   0.0000001029   21    LOOP2
257   258   0.0000000489   8    LOOP2
660   661   0.0000000661   21    LOOP2
661   662   0.0000000666   21    LOOP2
469   470   0.0000000382   15    LOOP2
662   663   0.0000000410   21    LOOP2
258   259   0.0000000480   8    LOOP2
470   471   0.0000000386   15    LOOP2
471   472   0.0000000810   15    LOOP2
472   473   0.0000000386   15    LOOP2
663   664   0.0000000452   21    LOOP2
473   474   0.0000000321   15    LOOP2
474   475   0.0000002910   15    LOOP2
190   192   0.0065083113   6    LOOP2
259   260   0.0000000498   8    LOOP2
194   195   0.0000000410   6    LOOP2
260   261   0.0000000601   8    LOOP2
489   491   0.0065548262   16    LOOP2
475   476   0.0000000410   15    LOOP2
476   477   0.0000000391   15    LOOP2
477   478   0.0000000321   15    LOOP2
478   479   0.0000000400   15    LOOP2
479   480   0.0000000359   15    LOOP2
480   481   0.0000000382   15    LOOP2
261   262   0.0000000461   8    LOOP2
262   263   0.0000000466   8    LOOP2
664   665   0.0000000531   21    LOOP2
665   666   0.0000000470   21    LOOP2
666   667   0.0000000331   21    LOOP2
495   496   0.0000000689   16    LOOP2
699   701   0.0065342360   23    LOOP2
496   497   0.0000000489   16    LOOP2
705   706   0.0000000368   23    LOOP2
497   498   0.0000000461   16    LOOP2
706   707   0.0000000452   23    LOOP2
481   482   0.0000000419   15    LOOP2
195   196   0.0000000349   6    LOOP2
196   197   0.0000000359   6    LOOP2
263   264   0.0000000359   8    LOOP2
197   198   0.0000000400   6    LOOP2
264   265   0.0000001327   8    LOOP2
707   708   0.0000000321   23    LOOP2
265   266   0.0000000489   8    LOOP2
498   499   0.0000000573   16    LOOP2
669   671   0.0066041620   22    LOOP2
675   676   0.0000000848   22    LOOP2
676   677   0.0000000531   22    LOOP2
677   678   0.0000000573   22    LOOP2
678   679   0.0000000442   22    LOOP2
679   680   0.0000000410   22    LOOP2
680   681   0.0000000503   22    LOOP2
681   682   0.0000000531   22    LOOP2
482   483   0.0000010612   15    LOOP2
667   668   0.0000000400   21    LOOP2
668   669   0.0000001388   21    LOOP2
266   267   0.0000000442   8    LOOP2
267   268   0.0000000489   8    LOOP2
268   269   0.0000000531   8    LOOP2
269   270   0.0000000452   8    LOOP2
270   271   0.0000000377   8    LOOP2
271   272   0.0000000312   8    LOOP2
272   273   0.0000000349   8    LOOP2
273   274   0.0000000340   8    LOOP2
682   683   0.0000000368   22    LOOP2
683   684   0.0000001397   22    LOOP2
684   685   0.0000000410   22    LOOP2
499   500   0.0000000610   16    LOOP2
708   709   0.0000000489   23    LOOP2
500   501   0.0000000442   16    LOOP2
709   710   0.0000000531   23    LOOP2
198   199   0.0000000340   6    LOOP2
685   686   0.0000000512   22    LOOP2
549   551   0.0066568921   18    LOOP2
501   502   0.0000000400   16    LOOP2
502   503   0.0000000470   16    LOOP2
503   504   0.0000000442   16    LOOP2
504   505   0.0000001229   16    LOOP2
505   506   0.0000000447   16    LOOP2
483   484   0.0000000386   15    LOOP2
199   200   0.0000000601   6    LOOP2
579   581   0.0066695330   19    LOOP2
274   275   0.0000000298   8    LOOP2
200   201   0.0000001299   6    LOOP2
686   687   0.0000000480   22    LOOP2
275   276   0.0000000559   8    LOOP2
201   202   0.0000004582   6    LOOP2
687   688   0.0000000442   22    LOOP2
202   203   0.0000000373   6    LOOP2
585   586   0.0000001150   19    LOOP2
710   711   0.0000000400   23    LOOP2
203   204   0.0000000480   6    LOOP2
555   556   0.0000001341   18    LOOP2
484   485   0.0000000391   15    LOOP2
506   507   0.0000000410   16    LOOP2
586   587   0.0000001369   19    LOOP2
485   486   0.0000000433   15    LOOP2
507   508   0.0000000438   16    LOOP2
587   588   0.0000001360   19    LOOP2
711   712   0.0000000391   23    LOOP2
588   589   0.0000001341   19    LOOP2
688   689   0.0000000424   22    LOOP2
204   205   0.0000000484   6    LOOP2
589   590   0.0000000512   19    LOOP2
205   206   0.0000000489   6    LOOP2
508   509   0.0000000512   16    LOOP2
590   591   0.0000000508   19    LOOP2
509   510   0.0000000438   16    LOOP2
609   611   0.0067361519   20    LOOP2
510   511   0.0000000424   16    LOOP2
486   487   0.0000000391   15    LOOP2
206   207   0.0000002543   6    LOOP2
712   713   0.0000000470   23    LOOP2
487   488   0.0000000512   15    LOOP2
591   592   0.0000000526   19    LOOP2
713   714   0.0000000354   23    LOOP2
276   277   0.0000000428   8    LOOP2
714   715   0.0000000386   23    LOOP2
277   278   0.0000000652   8    LOOP2
715   716   0.0000000480   23    LOOP2
207   208   0.0000000424   6    LOOP2
278   279   0.0000000400   8    LOOP2
716   717   0.0000000470   23    LOOP2
208   209   0.0000000410   6    LOOP2
689   690   0.0000000480   22    LOOP2
615   616   0.0000000768   20    LOOP2
592   593   0.0000000591   19    LOOP2
690   691   0.0000000373   22    LOOP2
691   692   0.0000000480   22    LOOP2
556   557   0.0000001220   18    LOOP2
488   489   0.0000000382   15    LOOP2
692   693   0.0000000428   22    LOOP2
693   694   0.0000000498   22    LOOP2
557   558   0.0000000554   18    LOOP2
593   594   0.0000000522   19    LOOP2
558   559   0.0000000400   18    LOOP2
511   512   0.0000000400   16    LOOP2
559   560   0.0000000452   18    LOOP2
717   718   0.0000000428   23    LOOP2
560   561   0.0000000438   18    LOOP2
694   695   0.0000000400   22    LOOP2
512   513   0.0000000522   16    LOOP2
616   617   0.0000000540   20    LOOP2
513   514   0.0000000484   16    LOOP2
594   595   0.0000000382   19    LOOP2
514   515   0.0000000428   16    LOOP2
561   562   0.0000000526   18    LOOP2
718   719   0.0000001369   23    LOOP2
562   563   0.0000000452   18    LOOP2
617   618   0.0000000698   20    LOOP2
563   564   0.0000000373   18    LOOP2
695   696   0.0000000671   22    LOOP2
595   596   0.0000000438   19    LOOP2
564   565   0.0000000414   18    LOOP2
596   597   0.0000000461   19    LOOP2
696   697   0.0000000400   22    LOOP2
719   720   0.0000000410   23    LOOP2
515   516   0.0000000410   16    LOOP2
697   698   0.0000000498   22    LOOP2
618   619   0.0000000508   20    LOOP2
698   699   0.0000001150   22    LOOP2
619   620   0.0000000494   20    LOOP2
565   566   0.0000000820   18    LOOP2
597   598   0.0000000331   19    LOOP2
720   721   0.0000000419   23    LOOP2
620   621   0.0000000349   20    LOOP2
621   622   0.0000000438   20    LOOP2
622   623   0.0000000419   20    LOOP2
623   624   0.0000000377   20    LOOP2
566   567   0.0000000512   18    LOOP2
567   568   0.0000000489   18    LOOP2
721   722   0.0000000419   23    LOOP2
516   517   0.0000000508   16    LOOP2
722   723   0.0000004340   23    LOOP2
723   724   0.0000000484   23    LOOP2
624   625   0.0000000726   20    LOOP2
724   725   0.0000000792   23    LOOP2
625   626   0.0000000452   20    LOOP2
725   726   0.0000000801   23    LOOP2
598   599   0.0000001299   19    LOOP2
726   727   0.0000000480   23    LOOP2
568   569   0.0000000461   18    LOOP2
626   627   0.0000000461   20    LOOP2
627   628   0.0000000461   20    LOOP2
628   629   0.0000000391   20    LOOP2
629   630   0.0000000340   20    LOOP2
630   631   0.0000000419   20    LOOP2
631   632   0.0000000461   20    LOOP2
632   633   0.0000000433   20    LOOP2
633   634   0.0000000428   20    LOOP2
634   635   0.0000000447   20    LOOP2
635   636   0.0000000349   20    LOOP2
636   637   0.0000000610   20    LOOP2
637   638   0.0000000410   20    LOOP2
638   639   0.0000000363   20    LOOP2
517   518   0.0000000452   16    LOOP2
518   519   0.0000000438   16    LOOP2
727   728   0.0000000759   23    LOOP2
728   729   0.0000001336   23    LOOP2
569   570   0.0000000573   18    LOOP2
570   571   0.0000000480   18    LOOP2
599   600   0.0000000792   19    LOOP2
600   601   0.0000000610   19    LOOP2
601   602   0.0000000368   19    LOOP2
602   603   0.0000000400   19    LOOP2
571   572   0.0000000442   18    LOOP2
572   573   0.0000000549   18    LOOP2
573   574   0.0000000396   18    LOOP2
574   575   0.0000000331   18    LOOP2
575   576   0.0000000470   18    LOOP2
576   577   0.0000000368   18    LOOP2
577   578   0.0000000489   18    LOOP2
578   579   0.0000000470   18    LOOP2
603   604   0.0000000400   19    LOOP2
604   605   0.0000000424   19    LOOP2
605   606   0.0000000508   19    LOOP2
606   607   0.0000000349   19    LOOP2
607   608   0.0000000419   19    LOOP2
608   609   0.0000001206   19    LOOP2
176   177   0.0035255803   5    LOOP2
177   178   0.0000000498   5    LOOP2
178   179   0.0000000349   5    LOOP2
179   180   0.0000000801   5    LOOP2
180   181   0.0000000340   5    LOOP2
181   182   0.0000000340   5    LOOP2
182   183   0.0000000340   5    LOOP2
183   184   0.0000000307   5    LOOP2
184   185   0.0000000917   5    LOOP2
185   186   0.0000000340   5    LOOP2
62   64   0.0089236018   2    LOOP2
130   132   0.0092544071   4    LOOP2
132   133   0.0000000373   4    LOOP2
133   134   0.0000000373   4    LOOP2
134   135   0.0000000368   4    LOOP2
135   136   0.0000000349   4    LOOP2
136   137   0.0000000373   4    LOOP2
137   138   0.0000000601   4    LOOP2
138   139   0.0000000340   4    LOOP2
139   140   0.0000000428   4    LOOP2
140   141   0.0000000708   4    LOOP2
141   142   0.0000000494   4    LOOP2
142   143   0.0000000331   4    LOOP2
31   33   0.0100564160   1    LOOP2
39   40   0.0000000354   1    LOOP2
99   101   0.0110525461   3    LOOP2
101   102   0.0000000321   3    LOOP2
102   103   0.0000000391   3    LOOP2
103   104   0.0000000331   3    LOOP2
104   105   0.0000000489   3    LOOP2
105   106   0.0000000373   3    LOOP2
106   107   0.0000000340   3    LOOP2
107   108   0.0000000778   3    LOOP2
108   109   0.0000000391   3    LOOP2
109   110   0.0000000349   3    LOOP2
2   4   0.0084310267   10    LOOP2
35   37   0.0087893088   12    LOOP2
209   210   0.0063692392   6    LOOP2
210   211   0.0000000568   6    LOOP2
211   212   0.0000000373   6    LOOP2
212   213   0.0000000359   6    LOOP2
213   214   0.0000000345   6    LOOP2
214   215   0.0000000419   6    LOOP2
215   216   0.0000000470   6    LOOP2
216   217   0.0000000382   6    LOOP2
0   2   0.0151857389   0    LOOP2
143   144   0.0064569232   4    LOOP2
144   145   0.0000000680   4    LOOP2
145   146   0.0000000452   4    LOOP2
146   147   0.0000000489   4    LOOP2
147   148   0.0000000480   4    LOOP2
148   149   0.0000000428   4    LOOP2
149   150   0.0000000400   4    LOOP2
150   151   0.0000000442   4    LOOP2
151   152   0.0000000433   4    LOOP2
152   153   0.0000000512   4    LOOP2
153   154   0.0000000582   4    LOOP2
154   155   0.0000000359   4    LOOP2
21   22   0.0106866919   5    LOOP2
9   10   0.0155781391   14    LOOP2
40   41   0.0120540420   1    LOOP2
41   42   0.0000000410   1    LOOP2
42   43   0.0000000591   1    LOOP2
43   44   0.0000000438   1    LOOP2
70   71   0.0134428153   2    LOOP2
71   72   0.0000000489   2    LOOP2
72   73   0.0000006119   2    LOOP2
73   74   0.0000000349   2    LOOP2
74   75   0.0000000363   2    LOOP2
75   76   0.0000001020   2    LOOP2
76   77   0.0000000312   2    LOOP2
110   111   0.0114069330   3    LOOP2
111   112   0.0000000619   3    LOOP2
112   113   0.0000001532   3    LOOP2
113   114   0.0000001029   3    LOOP2
114   115   0.0000000349   3    LOOP2
115   116   0.0000000349   3    LOOP2
116   117   0.0000000377   3    LOOP2
117   118   0.0000000419   3    LOOP2
118   119   0.0000000419   3    LOOP2
119   120   0.0000000363   3    LOOP2
120   121   0.0000000359   3    LOOP2
121   122   0.0000000680   3    LOOP2
122   123   0.0000000368   3    LOOP2
123   124   0.0000000359   3    LOOP2
27   28   0.0118173342   5    LOOP2
30   31   0.0000000531   5    LOOP2
45   46   0.0000000517   5    LOOP2
46   47   0.0000000298   5    LOOP2
47   48   0.0000000349   5    LOOP2
10   11   0.0264083911   7    LOOP2
49   50   0.0000000400   7    LOOP2
50   51   0.0000000331   7    LOOP2
51   52   0.0000000312   7    LOOP2
8   9   0.0283131241   13    LOOP2
53   54   0.0000000456   13    LOOP2
54   55   0.0000000307   13    LOOP2
55   56   0.0000000340   13    LOOP2
28   29   0.0157986381   14    LOOP2
57   58   0.0000000400   14    LOOP2
58   59   0.0000000354   14    LOOP2
59   60   0.0000000326   14    LOOP2
60   61   0.0000000312   14    LOOP2
61   62   0.0000000340   14    LOOP2
78   79   0.0000000331   14    LOOP2
79   80   0.0000000312   14    LOOP2
80   81   0.0000000340   14    LOOP2
81   82   0.0000000331   14    LOOP2
82   83   0.0000000340   14    LOOP2
83   84   0.0000000312   14    LOOP2
44   45   0.0143384142   1    LOOP2
85   86   0.0000000871   1    LOOP2
86   87   0.0000000386   1    LOOP2
87   88   0.0000000340   1    LOOP2
88   89   0.0000000508   1    LOOP2
89   90   0.0000000331   1    LOOP2
48   49   0.0084921680   5    LOOP2
91   92   0.0000000400   5    LOOP2
92   93   0.0000000312   5    LOOP2
52   53   0.0088408408   7    LOOP2
77   78   0.0177948442   2    LOOP2
56   57   0.0081399023   13    LOOP2
12   13   0.0342271770   21    LOOP2
22   23   0.0291973171   10    LOOP2
23   24   0.0290255100   12    LOOP2
29   30   0.0197488433   3    LOOP2
13   14   0.0358091448   8    LOOP2
18   19   0.0357596399   23    LOOP2
20   21   0.0371204191   19    LOOP2
19   20   0.0377465850   18    LOOP2
4   6   0.0421120981   9    LOOP2
6   8   0.0422673384   11    LOOP2
15   16   0.0393508328   22    LOOP2
24   25   0.0331527251   6    LOOP2
17   18   0.0398623222   16    LOOP2
16   17   0.0401793262   20    LOOP2
11   12   0.0408181362   17    LOOP2
26   27   0.0318830600   4    LOOP2
14   15   0.0410902002   15    LOOP2
25   26   0.0339597198   0    LOOP2
84   85   0.0141529478   14    LOOP2
90   91   0.0136762401   1    LOOP2
