0.004282   0.217519   1    -343.021475    -25242.644603
0.002108   0.153791   2    -343.021475    -25242.644603
0.001409   0.131901   3    -343.021475    -25242.644603
0.000728   0.068609   6    -343.021475    -25242.644603
0.000408   0.046073   12    -343.021475    -25242.644603
0.000344   0.045735   24    -343.021475    -25242.644603
0.004074   0.214815   1    -343.021475    -25242.644603
0.002170   0.153935   2    -343.021475    -25242.644603
0.001372   0.129900   3    -343.021475    -25242.644603
0.000729   0.071821   6    -343.021475    -25242.644603
0.000416   0.053046   12    -343.021475    -25242.644603
0.000320   0.049179   24    -343.021475    -25242.644603
0.004318   0.223349   1    -343.021475    -25242.644603
0.002127   0.158529   2    -343.021475    -25242.644603
0.001427   0.130168   3    -343.021475    -25242.644603
0.000786   0.069510   6    -343.021475    -25242.644603
0.000409   0.047997   12    -343.021475    -25242.644603
0.000319   0.048880   24    -343.021475    -25242.644603
0.004084   0.215262   1    -343.021475    -25242.644603
0.002097   0.155832   2    -343.021475    -25242.644603
0.001377   0.132538   3    -343.021475    -25242.644603
0.000813   0.071496   6    -343.021475    -25242.644603
0.000419   0.053487   12    -343.021475    -25242.644603
0.000342   0.050311   24    -343.021475    -25242.644603
0.004021   0.209974   1    -343.021475    -25242.644603
0.002067   0.159351   2    -343.021475    -25242.644603
0.001471   0.137509   3    -343.021475    -25242.644603
0.000728   0.069383   6    -343.021475    -25242.644603
0.000412   0.053076   12    -343.021475    -25242.644603
0.000325   0.050038   24    -343.021475    -25242.644603
0.004065   0.210618   1    -343.021475    -25242.644603
0.002333   0.161508   2    -343.021475    -25242.644603
0.001388   0.130350   3    -343.021475    -25242.644603
0.000756   0.071102   6    -343.021475    -25242.644603
0.000411   0.045237   12    -343.021475    -25242.644603
0.000333   0.047475   24    -343.021475    -25242.644603
0.004052   0.210020   1    -343.021475    -25242.644603
0.002219   0.155425   2    -343.021475    -25242.644603
0.001492   0.137337   3    -343.021475    -25242.644603
0.000747   0.068955   6    -343.021475    -25242.644603
0.000411   0.047584   12    -343.021475    -25242.644603
0.000329   0.049850   24    -343.021475    -25242.644603
0.004359   0.223427   1    -343.021475    -25242.644603
0.002238   0.154461   2    -343.021475    -25242.644603
0.001427   0.130041   3    -343.021475    -25242.644603
0.000753   0.070240   6    -343.021475    -25242.644603
0.000408   0.052961   12    -343.021475    -25242.644603
0.000330   0.049997   24    -343.021475    -25242.644603
0.004166   0.216646   1    -343.021475    -25242.644603
0.002042   0.162515   2    -343.021475    -25242.644603
0.001423   0.130257   3    -343.021475    -25242.644603
0.000728   0.069799   6    -343.021475    -25242.644603
0.000409   0.047310   12    -343.021475    -25242.644603
0.000329   0.049086   24    -343.021475    -25242.644603
0.004166   0.215276   1    -343.021475    -25242.644603
0.002070   0.153985   2    -343.021475    -25242.644603
0.001374   0.129610   3    -343.021475    -25242.644603
0.000747   0.069855   6    -343.021475    -25242.644603
0.000410   0.053000   12    -343.021475    -25242.644603
0.000328   0.049001   24    -343.021475    -25242.644603
0.004103   0.219030   1    -343.021475    -25242.644603
0.002043   0.152917   2    -343.021475    -25242.644603
0.001372   0.130217   3    -343.021475    -25242.644603
0.000761   0.069309   6    -343.021475    -25242.644603
0.000405   0.052605   12    -343.021475    -25242.644603
0.000341   0.048249   24    -343.021475    -25242.644603
0.004087   0.215733   1    -343.021475    -25242.644603
0.002209   0.153270   2    -343.021475    -25242.644603
0.001382   0.131232   3    -343.021475    -25242.644603
0.000766   0.071409   6    -343.021475    -25242.644603
0.000409   0.047041   12    -343.021475    -25242.644603
0.000383   0.051069   24    -343.021475    -25242.644603
0.004059   0.214541   1    -343.021475    -25242.644603
0.002161   0.153372   2    -343.021475    -25242.644603
0.001623   0.133158   3    -343.021475    -25242.644603
0.000742   0.069560   6    -343.021475    -25242.644603
0.000411   0.047937   12    -343.021475    -25242.644603
0.000348   0.051139   24    -343.021475    -25242.644603
0.004059   0.211434   1    -343.021475    -25242.644603
0.002260   0.156746   2    -343.021475    -25242.644603
0.001374   0.132046   3    -343.021475    -25242.644603
0.000729   0.069697   6    -343.021475    -25242.644603
0.000413   0.053070   12    -343.021475    -25242.644603
0.000318   0.048843   24    -343.021475    -25242.644603
0.004355   0.216889   1    -343.021475    -25242.644603
0.002076   0.157450   2    -343.021475    -25242.644603
0.001516   0.133243   3    -343.021475    -25242.644603
0.000728   0.070759   6    -343.021475    -25242.644603
0.000406   0.045941   12    -343.021475    -25242.644603
0.000363   0.050637   24    -343.021475    -25242.644603
0.004169   0.214381   1    -343.021475    -25242.644603
0.002224   0.160113   2    -343.021475    -25242.644603
0.001373   0.130325   3    -343.021475    -25242.644603
0.000729   0.071301   6    -343.021475    -25242.644603
0.000408   0.047910   12    -343.021475    -25242.644603
0.000330   0.047529   24    -343.021475    -25242.644603
0.004097   0.210140   1    -343.021475    -25242.644603
0.002143   0.155917   2    -343.021475    -25242.644603
0.001372   0.131374   3    -343.021475    -25242.644603
0.000765   0.069653   6    -343.021475    -25242.644603
0.000404   0.053886   12    -343.021475    -25242.644603
0.000341   0.047981   24    -343.021475    -25242.644603
0.004009   0.210754   1    -343.021475    -25242.644603
0.002107   0.153570   2    -343.021475    -25242.644603
0.001399   0.129862   3    -343.021475    -25242.644603
0.000728   0.069965   6    -343.021475    -25242.644603
0.000406   0.053355   12    -343.021475    -25242.644603
0.000331   0.047354   24    -343.021475    -25242.644603
0.004025   0.210706   1    -343.021475    -25242.644603
0.002112   0.156785   2    -343.021475    -25242.644603
0.001387   0.129895   3    -343.021475    -25242.644603
0.000774   0.069678   6    -343.021475    -25242.644603
0.000410   0.050546   12    -343.021475    -25242.644603
0.000343   0.048994   24    -343.021475    -25242.644603
0.004044   0.214358   1    -343.021475    -25242.644603
0.002048   0.155547   2    -343.021475    -25242.644603
0.001413   0.133971   3    -343.021475    -25242.644603
0.000767   0.069835   6    -343.021475    -25242.644603
0.000404   0.048819   12    -343.021475    -25242.644603
0.000351   0.050905   24    -343.021475    -25242.644603
0.004107   0.214209   1    -343.021475    -25242.644603
0.002174   0.157728   2    -343.021475    -25242.644603
0.001372   0.130768   3    -343.021475    -25242.644603
0.000730   0.070753   6    -343.021475    -25242.644603
0.000406   0.054794   12    -343.021475    -25242.644603
0.000333   0.049545   24    -343.021475    -25242.644603
0.004228   0.216818   1    -343.021475    -25242.644603
0.002134   0.153272   2    -343.021475    -25242.644603
0.001419   0.130508   3    -343.021475    -25242.644603
0.000762   0.069809   6    -343.021475    -25242.644603
0.000407   0.052097   12    -343.021475    -25242.644603
0.000328   0.052565   24    -343.021475    -25242.644603
0.004058   0.219149   1    -343.021475    -25242.644603
0.002043   0.153069   2    -343.021475    -25242.644603
0.001426   0.130645   3    -343.021475    -25242.644603
0.000746   0.069265   6    -343.021475    -25242.644603
0.000408   0.052433   12    -343.021475    -25242.644603
0.000339   0.048360   24    -343.021475    -25242.644603
0.004237   0.228394   1    -343.021475    -25242.644603
0.002102   0.152741   2    -343.021475    -25242.644603
0.001417   0.130134   3    -343.021475    -25242.644603
0.000792   0.071241   6    -343.021475    -25242.644603
0.000406   0.047984   12    -343.021475    -25242.644603
0.000321   0.050793   24    -343.021475    -25242.644603
0.004282   0.214537   1    -343.021475    -25242.644603
0.002122   0.153718   2    -343.021475    -25242.644603
0.001554   0.131169   3    -343.021475    -25242.644603
0.000757   0.069749   6    -343.021475    -25242.644603
0.000415   0.048093   12    -343.021475    -25242.644603
0.000354   0.048079   24    -343.021475    -25242.644603
0.004204   0.224391   1    -343.021475    -25242.644603
0.002100   0.154244   2    -343.021475    -25242.644603
0.001397   0.130479   3    -343.021475    -25242.644603
0.000755   0.073064   6    -343.021475    -25242.644603
0.000409   0.052401   12    -343.021475    -25242.644603
0.000351   0.049316   24    -343.021475    -25242.644603
0.004055   0.210735   1    -343.021475    -25242.644603
0.002148   0.158071   2    -343.021475    -25242.644603
0.001386   0.130782   3    -343.021475    -25242.644603
0.000754   0.068701   6    -343.021475    -25242.644603
0.000408   0.051818   12    -343.021475    -25242.644603
0.000325   0.048996   24    -343.021475    -25242.644603
0.004128   0.215039   1    -343.021475    -25242.644603
0.002084   0.162054   2    -343.021475    -25242.644603
0.001415   0.129838   3    -343.021475    -25242.644603
0.000740   0.068742   6    -343.021475    -25242.644603
0.000413   0.045136   12    -343.021475    -25242.644603
0.000340   0.049746   24    -343.021475    -25242.644603
0.004141   0.213170   1    -343.021475    -25242.644603
0.002087   0.154870   2    -343.021475    -25242.644603
0.001420   0.129502   3    -343.021475    -25242.644603
0.000746   0.069390   6    -343.021475    -25242.644603
0.000411   0.048004   12    -343.021475    -25242.644603
0.000324   0.049352   24    -343.021475    -25242.644603
0.004083   0.224268   1    -343.021475    -25242.644603
0.002154   0.153853   2    -343.021475    -25242.644603
0.001403   0.130156   3    -343.021475    -25242.644603
0.000782   0.069517   6    -343.021475    -25242.644603
0.000409   0.053088   12    -343.021475    -25242.644603
0.000358   0.049214   24    -343.021475    -25242.644603
0.004185   0.216807   1    -343.021475    -25242.644603
0.002218   0.153953   2    -343.021475    -25242.644603
0.001374   0.130362   3    -343.021475    -25242.644603
0.000779   0.069593   6    -343.021475    -25242.644603
0.000407   0.047453   12    -343.021475    -25242.644603
0.000335   0.048395   24    -343.021475    -25242.644603
0.004197   0.217215   1    -343.021475    -25242.644603
0.002138   0.156566   2    -343.021475    -25242.644603
0.001373   0.130412   3    -343.021475    -25242.644603
0.000726   0.070221   6    -343.021475    -25242.644603
0.000404   0.048229   12    -343.021475    -25242.644603
0.000347   0.050908   24    -343.021475    -25242.644603
0.004054   0.214076   1    -343.021475    -25242.644603
0.002113   0.156185   2    -343.021475    -25242.644603
0.001527   0.132356   3    -343.021475    -25242.644603
0.000809   0.070099   6    -343.021475    -25242.644603
0.000418   0.048120   12    -343.021475    -25242.644603
0.000351   0.051401   24    -343.021475    -25242.644603
0.004055   0.210312   1    -343.021475    -25242.644603
0.002098   0.157792   2    -343.021475    -25242.644603
0.001400   0.129766   3    -343.021475    -25242.644603
0.000728   0.071553   6    -343.021475    -25242.644603
0.000407   0.045308   12    -343.021475    -25242.644603
0.000355   0.048315   24    -343.021475    -25242.644603
0.004114   0.215242   1    -343.021475    -25242.644603
0.002136   0.153377   2    -343.021475    -25242.644603
0.001386   0.131076   3    -343.021475    -25242.644603
0.000727   0.070349   6    -343.021475    -25242.644603
0.000449   0.052658   12    -343.021475    -25242.644603
0.000330   0.049086   24    -343.021475    -25242.644603
0.004179   0.218668   1    -343.021475    -25242.644603
0.002043   0.153761   2    -343.021475    -25242.644603
0.001371   0.133437   3    -343.021475    -25242.644603
0.000729   0.069987   6    -343.021475    -25242.644603
0.000422   0.046922   12    -343.021475    -25242.644603
0.000329   0.049203   24    -343.021475    -25242.644603
0.004062   0.210772   1    -343.021475    -25242.644603
0.002425   0.159537   2    -343.021475    -25242.644603
0.001426   0.129889   3    -343.021475    -25242.644603
0.000729   0.069480   6    -343.021475    -25242.644603
0.000409   0.049237   12    -343.021475    -25242.644603
0.000341   0.048225   24    -343.021475    -25242.644603
0.004130   0.216659   1    -343.021475    -25242.644603
0.002042   0.154517   2    -343.021475    -25242.644603
0.001373   0.132481   3    -343.021475    -25242.644603
0.000730   0.069748   6    -343.021475    -25242.644603
0.000415   0.043180   12    -343.021475    -25242.644603
0.000344   0.050657   24    -343.021475    -25242.644603
0.004070   0.217075   1    -343.021475    -25242.644603
0.002141   0.155447   2    -343.021475    -25242.644603
0.001371   0.130176   3    -343.021475    -25242.644603
0.000767   0.069763   6    -343.021475    -25242.644603
0.000465   0.052413   12    -343.021475    -25242.644603
0.000327   0.050839   24    -343.021475    -25242.644603
0.004056   0.210922   1    -343.021475    -25242.644603
0.002088   0.152971   2    -343.021475    -25242.644603
0.001371   0.130543   3    -343.021475    -25242.644603
0.000728   0.069285   6    -343.021475    -25242.644603
0.000410   0.049527   12    -343.021475    -25242.644603
0.000355   0.053508   24    -343.021475    -25242.644603
0.004440   0.229059   1    -343.021475    -25242.644603
0.002048   0.156008   2    -343.021475    -25242.644603
0.001372   0.129727   3    -343.021475    -25242.644603
0.000746   0.071187   6    -343.021475    -25242.644603
0.000411   0.046027   12    -343.021475    -25242.644603
0.000333   0.051015   24    -343.021475    -25242.644603
0.004210   0.214597   1    -343.021475    -25242.644603
0.002097   0.155891   2    -343.021475    -25242.644603
0.001373   0.130555   3    -343.021475    -25242.644603
0.000739   0.073582   6    -343.021475    -25242.644603
0.000411   0.052302   12    -343.021475    -25242.644603
0.000401   0.050554   24    -343.021475    -25242.644603
0.004178   0.219539   1    -343.021475    -25242.644603
0.002069   0.153547   2    -343.021475    -25242.644603
0.001372   0.129089   3    -343.021475    -25242.644603
0.000729   0.069418   6    -343.021475    -25242.644603
0.000417   0.052292   12    -343.021475    -25242.644603
0.000325   0.049155   24    -343.021475    -25242.644603
0.004368   0.210955   1    -343.021475    -25242.644603
0.002193   0.154619   2    -343.021475    -25242.644603
0.001396   0.133900   3    -343.021475    -25242.644603
0.000749   0.071585   6    -343.021475    -25242.644603
0.000408   0.044708   12    -343.021475    -25242.644603
0.000359   0.048231   24    -343.021475    -25242.644603
0.004049   0.211473   1    -343.021475    -25242.644603
0.002048   0.154439   2    -343.021475    -25242.644603
0.001396   0.128684   3    -343.021475    -25242.644603
0.000728   0.069961   6    -343.021475    -25242.644603
0.000416   0.055528   12    -343.021475    -25242.644603
0.000320   0.048301   24    -343.021475    -25242.644603
0.004147   0.213676   1    -343.021475    -25242.644603
0.002184   0.153979   2    -343.021475    -25242.644603
0.001372   0.130272   3    -343.021475    -25242.644603
0.000728   0.070647   6    -343.021475    -25242.644603
0.000422   0.048471   12    -343.021475    -25242.644603
0.000344   0.050020   24    -343.021475    -25242.644603
0.004069   0.213529   1    -343.021475    -25242.644603
0.002128   0.154004   2    -343.021475    -25242.644603
0.001383   0.129780   3    -343.021475    -25242.644603
0.000729   0.070032   6    -343.021475    -25242.644603
0.000404   0.052942   12    -343.021475    -25242.644603
0.000337   0.046519   24    -343.021475    -25242.644603
0.004055   0.210787   1    -343.021475    -25242.644603
0.002116   0.157876   2    -343.021475    -25242.644603
0.001372   0.129908   3    -343.021475    -25242.644603
0.000772   0.069593   6    -343.021475    -25242.644603
0.000409   0.051849   12    -343.021475    -25242.644603
0.000344   0.046831   24    -343.021475    -25242.644603
0.004262   0.217702   1    -343.021475    -25242.644603
0.002150   0.153349   2    -343.021475    -25242.644603
0.001429   0.128552   3    -343.021475    -25242.644603
0.000835   0.069871   6    -343.021475    -25242.644603
0.000412   0.048609   12    -343.021475    -25242.644603
0.000340   0.051650   24    -343.021475    -25242.644603
0.004013   0.211371   1    -343.021475    -25242.644603
0.002149   0.157087   2    -343.021475    -25242.644603
0.001373   0.130884   3    -343.021475    -25242.644603
0.000742   0.068414   6    -343.021475    -25242.644603
0.000405   0.053903   12    -343.021475    -25242.644603
0.000319   0.049096   24    -343.021475    -25242.644603
0.004085   0.212970   1    -343.021475    -25242.644603
0.002167   0.154624   2    -343.021475    -25242.644603
0.001374   0.129121   3    -343.021475    -25242.644603
0.000763   0.069581   6    -343.021475    -25242.644603
0.000435   0.053482   12    -343.021475    -25242.644603
0.000333   0.047966   24    -343.021475    -25242.644603
0.004378   0.236533   1    -343.021475    -25242.644603
0.002120   0.154318   2    -343.021475    -25242.644603
0.001524   0.128581   3    -343.021475    -25242.644603
0.000771   0.069559   6    -343.021475    -25242.644603
0.000411   0.052376   12    -343.021475    -25242.644603
0.000329   0.047781   24    -343.021475    -25242.644603
0.004050   0.215095   1    -343.021475    -25242.644603
0.002139   0.153573   2    -343.021475    -25242.644603
0.001382   0.129255   3    -343.021475    -25242.644603
0.000733   0.069683   6    -343.021475    -25242.644603
0.000419   0.047744   12    -343.021475    -25242.644603
0.000342   0.049293   24    -343.021475    -25242.644603
0.004091   0.215932   1    -343.021475    -25242.644603
0.002129   0.153841   2    -343.021475    -25242.644603
0.001408   0.132524   3    -343.021475    -25242.644603
0.000811   0.069500   6    -343.021475    -25242.644603
0.000428   0.048288   12    -343.021475    -25242.644603
0.000387   0.050608   24    -343.021475    -25242.644603
0.004123   0.214076   1    -343.021475    -25242.644603
0.002064   0.151333   2    -343.021475    -25242.644603
0.001422   0.132311   3    -343.021475    -25242.644603
0.000750   0.069651   6    -343.021475    -25242.644603
0.000408   0.047083   12    -343.021475    -25242.644603
0.003109   0.050221   24    -343.021475    -25242.644603
0.004069   0.215295   1    -343.021475    -25242.644603
0.002079   0.154963   2    -343.021475    -25242.644603
0.001515   0.130751   3    -343.021475    -25242.644603
0.000730   0.070026   6    -343.021475    -25242.644603
0.000405   0.053081   12    -343.021475    -25242.644603
0.000343   0.048979   24    -343.021475    -25242.644603
0.004115   0.211001   1    -343.021475    -25242.644603
0.002098   0.154670   2    -343.021475    -25242.644603
0.001373   0.129822   3    -343.021475    -25242.644603
0.000772   0.070059   6    -343.021475    -25242.644603
0.000407   0.045255   12    -343.021475    -25242.644603
0.000362   0.050153   24    -343.021475    -25242.644603
0.004129   0.213345   1    -343.021475    -25242.644603
0.002226   0.156707   2    -343.021475    -25242.644603
0.001391   0.131718   3    -343.021475    -25242.644603
0.000733   0.069872   6    -343.021475    -25242.644603
0.000420   0.048345   12    -343.021475    -25242.644603
0.000343   0.048626   24    -343.021475    -25242.644603
0.004113   0.210356   1    -343.021475    -25242.644603
0.002083   0.210189   2    -343.021475    -25242.644603
0.001483   0.131536   3    -343.021475    -25242.644603
0.000752   0.069846   6    -343.021475    -25242.644603
0.000408   0.053083   12    -343.021475    -25242.644603
0.000440   0.049862   24    -343.021475    -25242.644603
0.004173   0.226063   1    -343.021475    -25242.644603
0.002203   0.169092   2    -343.021475    -25242.644603
0.001711   0.140038   3    -343.021475    -25242.644603
0.000727   0.073492   6    -343.021475    -25242.644603
0.000410   0.050292   12    -343.021475    -25242.644603
0.000332   0.049154   24    -343.021475    -25242.644603
0.004041   0.211680   1    -343.021475    -25242.644603
0.002048   0.155088   2    -343.021475    -25242.644603
0.001419   0.130199   3    -343.021475    -25242.644603
0.000728   0.070147   6    -343.021475    -25242.644603
0.000415   0.044645   12    -343.021475    -25242.644603
0.000347   0.049249   24    -343.021475    -25242.644603
0.004277   0.238778   1    -343.021475    -25242.644603
0.002073   0.154624   2    -343.021475    -25242.644603
0.001454   0.133930   3    -343.021475    -25242.644603
0.000770   0.071715   6    -343.021475    -25242.644603
0.000406   0.044050   12    -343.021475    -25242.644603
0.000342   0.051038   24    -343.021475    -25242.644603
0.004050   0.214188   1    -343.021475    -25242.644603
0.002111   0.155003   2    -343.021475    -25242.644603
0.001505   0.129589   3    -343.021475    -25242.644603
0.000759   0.069272   6    -343.021475    -25242.644603
0.000411   0.045336   12    -343.021475    -25242.644603
0.000341   0.050019   24    -343.021475    -25242.644603
0.004197   0.213532   1    -343.021475    -25242.644603
0.002087   0.153492   2    -343.021475    -25242.644603
0.001448   0.130317   3    -343.021475    -25242.644603
0.000749   0.070969   6    -343.021475    -25242.644603
0.000412   0.048063   12    -343.021475    -25242.644603
0.000324   0.050170   24    -343.021475    -25242.644603
0.004013   0.213010   1    -343.021475    -25242.644603
0.002073   0.156799   2    -343.021475    -25242.644603
0.001374   0.130539   3    -343.021475    -25242.644603
0.000768   0.068564   6    -343.021475    -25242.644603
0.000415   0.046497   12    -343.021475    -25242.644603
0.000337   0.048020   24    -343.021475    -25242.644603
0.004205   0.214040   1    -343.021475    -25242.644603
0.002068   0.153567   2    -343.021475    -25242.644603
0.001515   0.128311   3    -343.021475    -25242.644603
0.000768   0.069232   6    -343.021475    -25242.644603
0.000408   0.053736   12    -343.021475    -25242.644603
0.000351   0.049482   24    -343.021475    -25242.644603
0.004045   0.211102   1    -343.021475    -25242.644603
0.002171   0.154541   2    -343.021475    -25242.644603
0.001372   0.130062   3    -343.021475    -25242.644603
0.000783   0.069338   6    -343.021475    -25242.644603
0.000407   0.047177   12    -343.021475    -25242.644603
0.000327   0.048380   24    -343.021475    -25242.644603
0.004189   0.216518   1    -343.021475    -25242.644603
0.002122   0.153570   2    -343.021475    -25242.644603
0.001405   0.128375   3    -343.021475    -25242.644603
0.000730   0.069999   6    -343.021475    -25242.644603
0.000406   0.047937   12    -343.021475    -25242.644603
0.000360   0.049558   24    -343.021475    -25242.644603
0.004188   0.220554   1    -343.021475    -25242.644603
0.002047   0.154981   2    -343.021475    -25242.644603
0.001534   0.130243   3    -343.021475    -25242.644603
0.000795   0.069241   6    -343.021475    -25242.644603
0.000425   0.053165   12    -343.021475    -25242.644603
0.000350   0.049531   24    -343.021475    -25242.644603
0.004057   0.211108   1    -343.021475    -25242.644603
0.002113   0.152323   2    -343.021475    -25242.644603
0.001376   0.132438   3    -343.021475    -25242.644603
0.000742   0.069634   6    -343.021475    -25242.644603
0.000411   0.047447   12    -343.021475    -25242.644603
0.000340   0.046908   24    -343.021475    -25242.644603
0.004085   0.210897   1    -343.021475    -25242.644603
0.002221   0.153676   2    -343.021475    -25242.644603
0.001392   0.130897   3    -343.021475    -25242.644603
0.000732   0.069820   6    -343.021475    -25242.644603
0.000412   0.044115   12    -343.021475    -25242.644603
0.000348   0.048883   24    -343.021475    -25242.644603
0.004054   0.214870   1    -343.021475    -25242.644603
0.002195   0.154081   2    -343.021475    -25242.644603
0.001453   0.129754   3    -343.021475    -25242.644603
0.000752   0.069689   6    -343.021475    -25242.644603
0.000408   0.048882   12    -343.021475    -25242.644603
0.000364   0.047893   24    -343.021475    -25242.644603
0.004093   0.216726   1    -343.021475    -25242.644603
0.002145   0.154035   2    -343.021475    -25242.644603
0.001372   0.132625   3    -343.021475    -25242.644603
0.000728   0.069394   6    -343.021475    -25242.644603
0.000422   0.052374   12    -343.021475    -25242.644603
0.000338   0.049356   24    -343.021475    -25242.644603
0.004059   0.211224   1    -343.021475    -25242.644603
0.002048   0.155056   2    -343.021475    -25242.644603
0.001661   0.134203   3    -343.021475    -25242.644603
0.000765   0.070637   6    -343.021475    -25242.644603
0.000405   0.052752   12    -343.021475    -25242.644603
0.000327   0.052427   24    -343.021475    -25242.644603
0.004060   0.214037   1    -343.021475    -25242.644603
0.002086   0.153651   2    -343.021475    -25242.644603
0.001415   0.127981   3    -343.021475    -25242.644603
0.000786   0.072004   6    -343.021475    -25242.644603
0.000406   0.047973   12    -343.021475    -25242.644603
0.000323   0.050207   24    -343.021475    -25242.644603
0.004139   0.214443   1    -343.021475    -25242.644603
0.002078   0.155882   2    -343.021475    -25242.644603
0.001399   0.128223   3    -343.021475    -25242.644603
0.000810   0.070537   6    -343.021475    -25242.644603
0.000405   0.044518   12    -343.021475    -25242.644603
0.000332   0.048842   24    -343.021475    -25242.644603
0.004091   0.215406   1    -343.021475    -25242.644603
0.002082   0.155043   2    -343.021475    -25242.644603
0.001433   0.130057   3    -343.021475    -25242.644603
0.000729   0.069486   6    -343.021475    -25242.644603
0.000415   0.047322   12    -343.021475    -25242.644603
0.000369   0.048876   24    -343.021475    -25242.644603
0.004247   0.217551   1    -343.021475    -25242.644603
0.002124   0.157874   2    -343.021475    -25242.644603
0.001574   0.132136   3    -343.021475    -25242.644603
0.000728   0.069028   6    -343.021475    -25242.644603
0.000405   0.047382   12    -343.021475    -25242.644603
0.000332   0.052010   24    -343.021475    -25242.644603
0.004147   0.227141   1    -343.021475    -25242.644603
0.002052   0.157484   2    -343.021475    -25242.644603
0.001388   0.130063   3    -343.021475    -25242.644603
0.000748   0.069098   6    -343.021475    -25242.644603
0.000413   0.046966   12    -343.021475    -25242.644603
0.000331   0.048891   24    -343.021475    -25242.644603
0.004357   0.215377   1    -343.021475    -25242.644603
0.002198   0.158101   2    -343.021475    -25242.644603
0.001510   0.139447   3    -343.021475    -25242.644603
0.000742   0.072205   6    -343.021475    -25242.644603
0.000404   0.052210   12    -343.021475    -25242.644603
0.000346   0.049951   24    -343.021475    -25242.644603
0.005019   0.249594   1    -343.021475    -25242.644603
0.002119   0.155532   2    -343.021475    -25242.644603
0.001385   0.130591   3    -343.021475    -25242.644603
0.000734   0.071349   6    -343.021475    -25242.644603
0.000409   0.048363   12    -343.021475    -25242.644603
0.000351   0.045638   24    -343.021475    -25242.644603
0.004060   0.214304   1    -343.021475    -25242.644603
0.002172   0.155144   2    -343.021475    -25242.644603
0.001411   0.133809   3    -343.021475    -25242.644603
0.000730   0.070165   6    -343.021475    -25242.644603
0.000405   0.048041   12    -343.021475    -25242.644603
0.000342   0.047837   24    -343.021475    -25242.644603
0.004200   0.214610   1    -343.021475    -25242.644603
0.002085   0.150101   2    -343.021475    -25242.644603
0.001371   0.130299   3    -343.021475    -25242.644603
0.000729   0.070281   6    -343.021475    -25242.644603
0.000444   0.052334   12    -343.021475    -25242.644603
0.000332   0.047668   24    -343.021475    -25242.644603
0.004107   0.214498   1    -343.021475    -25242.644603
0.002051   0.157380   2    -343.021475    -25242.644603
0.001452   0.130996   3    -343.021475    -25242.644603
0.000770   0.069309   6    -343.021475    -25242.644603
0.000407   0.051433   12    -343.021475    -25242.644603
0.000336   0.047538   24    -343.021475    -25242.644603
0.004140   0.214359   1    -343.021475    -25242.644603
0.002122   0.154381   2    -343.021475    -25242.644603
0.001441   0.130802   3    -343.021475    -25242.644603
0.000772   0.069635   6    -343.021475    -25242.644603
0.000412   0.046889   12    -343.021475    -25242.644603
0.000338   0.049429   24    -343.021475    -25242.644603
0.004024   0.214373   1    -343.021475    -25242.644603
0.002187   0.154016   2    -343.021475    -25242.644603
0.001372   0.129859   3    -343.021475    -25242.644603
0.000755   0.069237   6    -343.021475    -25242.644603
0.000409   0.052883   12    -343.021475    -25242.644603
0.000353   0.047991   24    -343.021475    -25242.644603
0.004014   0.209396   1    -343.021475    -25242.644603
0.002118   0.159084   2    -343.021475    -25242.644603
0.001393   0.129836   3    -343.021475    -25242.644603
0.000766   0.069774   6    -343.021475    -25242.644603
0.000410   0.051373   12    -343.021475    -25242.644603
0.000398   0.045711   24    -343.021475    -25242.644603
0.004056   0.212433   1    -343.021475    -25242.644603
0.002085   0.153402   2    -343.021475    -25242.644603
0.001404   0.134341   3    -343.021475    -25242.644603
0.000729   0.068358   6    -343.021475    -25242.644603
0.000409   0.045686   12    -343.021475    -25242.644603
0.000344   0.048208   24    -343.021475    -25242.644603
0.004171   0.214415   1    -343.021475    -25242.644603
0.002162   0.153801   2    -343.021475    -25242.644603
0.001508   0.132704   3    -343.021475    -25242.644603
0.000777   0.070870   6    -343.021475    -25242.644603
0.000454   0.053553   12    -343.021475    -25242.644603
0.000336   0.054167   24    -343.021475    -25242.644603
0.004052   0.211849   1    -343.021475    -25242.644603
0.002074   0.153542   2    -343.021475    -25242.644603
0.001465   0.127291   3    -343.021475    -25242.644603
0.000872   0.069813   6    -343.021475    -25242.644603
0.000410   0.052512   12    -343.021475    -25242.644603
0.000340   0.049553   24    -343.021475    -25242.644603
0.004088   0.215767   1    -343.021475    -25242.644603
0.002049   0.152112   2    -343.021475    -25242.644603
0.001485   0.130647   3    -343.021475    -25242.644603
0.000758   0.071760   6    -343.021475    -25242.644603
0.000414   0.048083   12    -343.021475    -25242.644603
0.000342   0.047056   24    -343.021475    -25242.644603
0.004087   0.214807   1    -343.021475    -25242.644603
0.002049   0.154970   2    -343.021475    -25242.644603
0.001397   0.130559   3    -343.021475    -25242.644603
0.000761   0.069108   6    -343.021475    -25242.644603
0.000414   0.047992   12    -343.021475    -25242.644603
0.000339   0.048810   24    -343.021475    -25242.644603
0.004209   0.213689   1    -343.021475    -25242.644603
0.002118   0.153854   2    -343.021475    -25242.644603
0.001371   0.129566   3    -343.021475    -25242.644603
0.000730   0.069876   6    -343.021475    -25242.644603
0.000418   0.044111   12    -343.021475    -25242.644603
0.000506   0.050007   24    -343.021475    -25242.644603
0.004125   0.216958   1    -343.021475    -25242.644603
0.002068   0.155972   2    -343.021475    -25242.644603
0.001404   0.130154   3    -343.021475    -25242.644603
0.000787   0.070768   6    -343.021475    -25242.644603
0.000411   0.051453   12    -343.021475    -25242.644603
0.000331   0.048577   24    -343.021475    -25242.644603
0.004082   0.219423   1    -343.021475    -25242.644603
0.002154   0.155941   2    -343.021475    -25242.644603
0.001372   0.134483   3    -343.021475    -25242.644603
0.000730   0.069706   6    -343.021475    -25242.644603
0.000406   0.049944   12    -343.021475    -25242.644603
0.000345   0.049676   24    -343.021475    -25242.644603
0.004019   0.210313   1    -343.021475    -25242.644603
0.002049   0.153651   2    -343.021475    -25242.644603
0.001392   0.130645   3    -343.021475    -25242.644603
0.000748   0.069427   6    -343.021475    -25242.644603
0.000402   0.048659   12    -343.021475    -25242.644603
0.000313   0.046702   24    -343.021475    -25242.644603
0.004044   0.213634   1    -343.021475    -25242.644603
0.002048   0.159005   2    -343.021475    -25242.644603
0.001387   0.128500   3    -343.021475    -25242.644603
0.000768   0.069504   6    -343.021475    -25242.644603
0.000418   0.049251   12    -343.021475    -25242.644603
0.000330   0.046807   24    -343.021475    -25242.644603
0.004014   0.210172   1    -343.021475    -25242.644603
0.002049   0.163256   2    -343.021475    -25242.644603
0.001392   0.134049   3    -343.021475    -25242.644603
0.000727   0.068838   6    -343.021475    -25242.644603
0.000409   0.053371   12    -343.021475    -25242.644603
0.000329   0.049740   24    -343.021475    -25242.644603
0.004112   0.211738   1    -343.021475    -25242.644603
0.002053   0.153049   2    -343.021475    -25242.644603
0.001598   0.129686   3    -343.021475    -25242.644603
0.000740   0.069937   6    -343.021475    -25242.644603
0.000419   0.050343   12    -343.021475    -25242.644603
0.000360   0.050271   24    -343.021475    -25242.644603
0.004158   0.219125   1    -343.021475    -25242.644603
0.002347   0.164071   2    -343.021475    -25242.644603
0.001460   0.141533   3    -343.021475    -25242.644603
0.000750   0.071097   6    -343.021475    -25242.644603
0.000405   0.049566   12    -343.021475    -25242.644603
0.000348   0.048987   24    -343.021475    -25242.644603
