0.076924    14.714978    static 1    -34302.147477    -2524264.460320
0.073740    10.550794    static 2    -34302.147477    -2524264.460320
0.076505    6.707882    static 4    -34302.147477    -2524264.460320
0.076209    5.017421    static 8    -34302.147477    -2524264.460320
0.079821    6.755095    static 16    -34302.147477    -2524264.460320
0.087963    11.328229    static 32    -34302.147477    -2524264.460320
0.103039    13.389973    static 64    -34302.147477    -2524264.460320
0.076461    10.113711    dynamic 1    -34302.147477    -2524264.460320
0.073950    8.356853    dynamic 2    -34302.147477    -2524264.460320
0.072226    7.024105    dynamic 4    -34302.147477    -2524264.460320
0.072190    4.058252    dynamic 8    -34302.147477    -2524264.460320
0.073528    5.418582    dynamic 16    -34302.147477    -2524264.460320
0.074336    10.169702    dynamic 32    -34302.147477    -2524264.460320
0.075331    12.727820    dynamic 64    -34302.147477    -2524264.460320
0.130808    14.547176    guided 1    -34302.147477    -2524264.460320
0.128512    14.583158    guided 2    -34302.147477    -2524264.460320
0.129057    14.542929    guided 4    -34302.147477    -2524264.460320
0.128517    14.600302    guided 8    -34302.147477    -2524264.460320
0.137526    14.814108    guided 16    -34302.147477    -2524264.460320
0.130603    14.804841    guided 32    -34302.147477    -2524264.460320
0.130202    14.746501    guided 64    -34302.147477    -2524264.460320
